Ángulo del crista	Tasa con 35kV
theta/°	R(35kV)/Imp/s

16,8	241,0
16,9	225,0
17,0	253,0
17,1	233,0
17,2	261,0
17,3	239,0
17,4	274,0
17,5	252,0
17,6	262,0
17,7	277,0
17,8	284,0
17,9	370,0
18,0	659,0
18,1	1556,0
18,2	844,0
18,3	381,0
18,4	314,0
18,5	276,0
18,6	286,0
18,7	276,0
18,8	290,0
18,9	260,0
19,0	288,0
19,1	278,0
19,2	265,0
19,3	291,0
19,4	285,0
19,5	267,0
19,6	285,0
19,7	306,0
19,8	326,0
19,9	359,0
20,0	393,0
20,1	464,0
20,2	1130,0
20,3	3985,0
20,4	7209,0
20,5	2290,0
20,6	506,0
20,7	353,0
20,8	304,0
20,9	249,0
21,0	245,0
21,1	244,0
21,2	259,0
21,3	248,0
21,4	235,0
21,5	241,0
21,6	248,0
21,7	240,0
21,8	222,0
