Ángulo del crista	Tasa con 35kV
theta/°	R(35kV)/Imp/s
	
3.0	3618.0
3.1	3372.0
3.2	2942.0
3.3	2619.0
3.4	2281.0
3.5	1987.0
3.6	1698.0
3.7	1465.0
3.8	1256.0
3.9	1109.0
4.0	1050.0
4.1	962.0
4.2	970.0
4.3	902.0
4.4	929.0
4.5	865.0
4.6	833.0
4.7	832.0
4.8	806.0
4.9	798.0
5.0	754.0
5.1	707.0
5.2	706.0
5.3	705.0
5.4	687.0
5.5	686.0
5.6	649.0
5.7	640.0
5.8	642.0
5.9	604.0
6.0	607.0
6.1	589.0
6.2	598.0
6.3	551.0
6.4	560.0
6.5	559.0
6.6	551.0
6.7	537.0
6.8	501.0
6.9	496.0
7.0	506.0
7.1	471.0
7.2	476.0
7.3	455.0
7.4	452.0
7.5	418.0
7.6	404.0
7.7	399.0
7.8	380.0
7.9	388.0
8.0	367.0
8.1	366.0
8.2	366.0
8.3	344.0
8.4	325.0
8.5	344.0
8.6	317.0
8.7	325.0
8.8	302.0
8.9	299.0
9.0	300.0
9.1	280.0
9.2	264.0
9.3	264.0
9.4	251.0
9.5	248.0
9.6	255.0
9.7	260.0
9.8	239.0
9.9	244.0
10.0	236.0
10.1	232.0
10.2	249.0
10.3	238.0
10.4	238.0
10.5	233.0
10.6	240.0
10.7	233.0
10.8	227.0
10.9	252.0
11.0	228.0
11.1	228.0
11.2	232.0
11.3	233.0
11.4	236.0
11.5	235.0
11.6	233.0
11.7	224.0
11.8	221.0
11.9	220.0
12.0	251.0
12.1	233.0
12.2	232.0
12.3	212.0
12.4	223.0
12.5	242.0
12.6	230.0
12.7	235.0
12.8	222.0
12.9	224.0
13.0	233.0
13.1	244.0
13.2	239.0
13.3	218.0
13.4	228.0
13.5	228.0
13.6	224.0
13.7	217.0
13.8	246.0
13.9	230.0
14.0	226.0
14.1	232.0
14.2	239.0
14.3	250.0
14.4	233.0
14.5	235.0
14.6	253.0
14.7	235.0
14.8	234.0
14.9	220.0
15.0	228.0
15.1	237.0
15.2	238.0
15.3	248.0
15.4	243.0
15.5	233.0
15.6	262.0
15.7	251.0
15.8	260.0
15.9	275.0
16.0	272.0
16.1	251.0
16.2	253.0
16.3	244.0
16.4	233.0
16.5	253.0
16.6	249.0
16.7	254.0
16.8	235.0
16.9	246.0
17.0	245.0
17.1	250.0
17.2	233.0
17.3	240.0
17.4	249.0
17.5	255.0
17.6	272.0
17.7	274.0
17.8	282.0
17.9	346.0
18.0	493.0
18.1	1390.0
18.2	1117.0
18.3	401.0
18.4	299.0
18.5	286.0
18.6	289.0
18.7	278.0
18.8	280.0
18.9	279.0
19.0	265.0
19.1	278.0
19.2	276.0
19.3	256.0
19.4	281.0
19.5	285.0
19.6	278.0
19.7	308.0
19.8	335.0
19.9	360.0
20.0	393.0
20.1	459.0
20.2	793.0
20.3	2544.0
20.4	7090.0
20.5	2894.0
20.6	530.0
20.7	355.0
20.8	301.0
20.9	280.0
21.0	249.0
21.1	257.0
21.2	264.0
21.3	244.0
21.4	251.0
21.5	248.0
21.6	240.0
21.7	238.0
21.8	242.0
21.9	237.0
22.0	234.0
22.1	246.0
22.2	232.0
22.3	240.0
22.4	231.0
22.5	223.0
22.6	224.0
22.7	225.0
22.8	218.0
22.9	224.0
23.0	209.0
23.1	218.0
23.2	226.0
23.3	206.0
23.4	201.0
23.5	214.0
23.6	213.0
23.7	206.0
23.8	215.0
23.9	217.0
24.0	191.0
24.1	208.0
24.2	221.0
24.3	216.0
24.4	194.0
24.5	210.0
24.6	195.0
24.7	203.0
24.8	208.0
24.9	199.0
25.0	212.0
25.1	203.0
25.2	189.0
25.3	201.0
25.4	194.0
25.5	195.0
25.6	201.0
25.7	196.0
25.8	211.0
25.9	202.0
26.0	211.0
26.1	184.0
26.2	179.0
26.3	192.0
26.4	210.0
26.5	190.0
26.6	195.0
26.7	186.0
26.8	185.0
26.9	195.0
27.0	206.0
27.1	199.0
27.2	200.0
27.3	201.0
27.4	202.0
27.5	208.0
27.6	194.0
27.7	199.0
27.8	205.0
27.9	196.0
28.0	204.0
28.1	196.0
28.2	188.0
28.3	193.0
28.4	186.0
28.5	200.0
28.6	187.0
28.7	184.0
28.8	192.0
28.9	213.0
29.0	178.0
29.1	195.0
29.2	188.0
29.3	188.0
29.4	184.0
29.5	197.0
29.6	184.0
29.7	183.0
29.8	206.0
29.9	188.0
30.0	204.0
30.1	195.0
30.2	199.0
30.3	194.0
30.4	200.0
30.5	204.0
30.6	198.0
30.7	198.0
30.8	211.0
30.9	190.0
31.0	202.0
31.1	207.0
31.2	198.0
31.3	197.0
31.4	183.0
31.5	179.0
31.6	183.0
31.7	194.0
31.8	188.0
31.9	193.0
32.0	191.0
32.1	212.0
32.2	186.0
32.3	185.0
32.4	204.0
32.5	189.0
32.6	191.0
32.7	185.0
32.8	177.0
32.9	184.0
33.0	177.0
33.1	189.0
33.2	171.0
33.3	186.0
33.4	182.0
33.5	175.0
33.6	178.0
33.7	181.0
33.8	171.0
33.9	175.0
34.0	171.0
34.1	173.0
34.2	187.0
34.3	176.0
34.4	175.0
34.5	172.0
34.6	170.0
34.7	172.0
34.8	169.0
34.9	173.0
35.0	184.0
35.1	187.0
35.2	181.0
35.3	184.0
35.4	171.0
35.5	175.0
35.6	177.0
35.7	190.0
35.8	179.0
35.9	179.0
36.0	176.0
36.1	167.0
36.2	176.0
36.3	190.0
36.4	181.0
36.5	195.0
36.6	182.0
36.7	181.0
36.8	183.0
36.9	186.0
37.0	188.0
37.1	191.0
37.2	195.0
37.3	190.0
37.4	197.0
37.5	178.0
37.6	178.0
37.7	187.0
37.8	178.0
37.9	176.0
38.0	176.0
38.1	179.0
38.2	183.0
38.3	180.0
38.4	171.0
38.5	166.0
38.6	178.0
38.7	167.0
38.8	176.0
38.9	176.0
39.0	175.0
39.1	182.0
39.2	165.0
39.3	184.0
39.4	177.0
39.5	162.0
39.6	172.0
39.7	173.0
39.8	159.0
39.9	166.0
40.0	178.0
40.1	176.0
40.2	162.0
40.3	170.0
40.4	176.0
40.5	165.0
40.6	174.0
40.7	177.0
40.8	170.0
40.9	172.0
41.0	174.0
41.1	179.0
41.2	179.0
41.3	211.0
41.4	231.0
41.5	375.0
41.6	433.0
41.7	242.0
41.8	173.0
41.9	177.0
42.0	167.0
42.1	188.0
42.2	170.0
42.3	183.0
42.4	177.0
42.5	170.0
42.6	168.0
42.7	187.0
42.8	180.0
42.9	171.0
43.0	184.0
43.1	183.0
43.2	166.0
43.3	181.0
43.4	189.0
43.5	181.0
43.6	183.0
43.7	172.0
43.8	183.0
43.9	176.0
44.0	185.0
44.1	184.0
44.2	182.0
44.3	191.0
44.4	192.0
44.5	179.0
44.6	168.0
44.7	184.0
44.8	173.0
44.9	175.0
45.0	184.0
45.1	193.0
45.2	168.0
45.3	176.0
45.4	188.0
45.5	179.0
45.6	173.0
45.7	194.0
45.8	189.0
45.9	176.0
46.0	160.0
46.1	180.0
46.2	186.0
46.3	180.0
46.4	201.0
46.5	191.0
46.6	207.0
46.7	206.0
46.8	196.0
46.9	185.0
47.0	196.0
47.1	194.0
47.2	203.0
47.3	200.0
47.4	240.0
47.5	264.0
47.6	378.0
47.7	1243.0
47.8	1272.0
47.9	835.0
48.0	492.0
48.1	255.0
48.2	225.0
48.3	213.0
48.4	199.0
48.5	204.0
48.6	213.0
48.7	185.0
48.8	0.0
48.9	192.0
49.0	198.0
49.1	180.0
49.2	189.0
49.3	188.0
49.4	202.0
49.5	191.0
49.6	178.0
49.7	182.0
49.8	187.0
49.9	177.0
50.0	201.0
50.1	173.0
50.2	193.0
50.3	171.0
50.4	176.0
50.5	174.0
50.6	184.0
50.7	184.0
50.8	177.0
50.9	174.0
51.0	172.0
51.1	189.0
51.2	166.0
51.3	194.0
51.4	189.0
51.5	163.0
51.6	173.0
