?ngulo del crista	Tasa con 11kV	Tasa con 13kV	Tasa con 15kV	Tasa con 17kV	Tasa con 19kV	Tasa con 21kV	Tasa con 23kV	Tasa con 25kV	Tasa con 27kV	Tasa con 29kV	Tasa con 31kV	Tasa con 33kV	Tasa con 35kV
theta/?	R(11kV)/Imp/s	R(13kV)/Imp/s	R(15kV)/Imp/s	R(17kV)/Imp/s	R(19kV)/Imp/s	R(21kV)/Imp/s	R(23kV)/Imp/s	R(25kV)/Imp/s	R(27kV)/Imp/s	R(29kV)/Imp/s	R(31kV)/Imp/s	R(33kV)/Imp/s	R(35kV)/Imp/s
													
16.8	5	14	26	37	41	57	75	106	128	152	174	215	260
16.9	8	12	30	33	44	68	80	96	131	149	173	206	259
17	6	14	21	34	56	0	84	97	127	128	188	203	241
17.1	5	12	22	35	47	64	87	107	112	156	188	203	244
17.2	7	13	28	37	53	65	87	105	117	147	192	213	262
17.3	7	14	28	35	51	77	87	107	140	156	182	209	270
17.4	7	19	19	41	53	68	83	118	151	152	201	228	259
17.5	5	21	31	38	52	71	93	114	128	175	195	222	259
17.6	10	17	27	43	59	78	95	121	130	160	200	226	263
17.7	10	16	29	41	60	74	101	121	144	156	201	256	259
17.8	10	19	37	36	57	75	102	128	160	183	210	246	288
17.9	9	18	29	51	76	92	143	146	197	218	266	281	353
18	13	40	70	107	161	200	234	296	356	409	450	525	594
18.1	33	89	196	312	405	527	633	828	978	1080	1211	1334	1482
18.2	19	49	99	156	221	284	353	0	536	666	799	900	997
18.3	10	17	44	58	77	100	136	179	197	263	281	329	393
18.4	5	20	32	53	70	85	116	143	153	183	224	256	287
18.5	5	19	34	47	53	76	105	116	153	164	208	248	281
18.6	8	20	33	43	59	83	108	112	137	178	211	229	274
18.7	8	16	26	48	65	73	92	131	147	196	234	240	270
18.8	5	20	34	48	59	83	108	107	164	193	208	223	271
18.9	8	21	29	44	62	77	108	125	142	186	215	231	267
19	13	24	37	39	64	77	98	114	141	169	205	228	282
19.1	11	19	33	43	74	81	93	130	128	170	184	251	266
19.2	8	17	23	44	62	72	108	122	140	160	210	228	271
19.3	11	15	28	41	66	83	113	119	142	176	199	234	279
19.4	8	18	31	45	59	91	107	134	147	178	224	232	273
19.5	12	21	34	51	70	83	109	117	151	177	201	230	268
19.6	9	22	27	45	67	85	111	115	153	166	201	236	280
19.7	13	17	29	52	64	84	105	126	145	191	214	261	306
19.8	12	21	33	51	70	74	118	151	176	187	233	265	294
19.9	8	25	38	58	80	98	133	178	187	235	263	303	355
20	10	25	35	65	83	119	142	153	213	266	296	353	381
20.1	7	18	47	74	101	137	189	227	266	335	361	410	474
20.2	27	71	136	193	269	354	0	548	620	726	807	894	1003
20.3	89	285	545	800	1156	1419	1751	2065	2374	2660	2903	3198	3521
20.4	143	464	940	1448	2015	2529	3147	3637	4274	4988	5730	6694	7256
20.5	55	144	285	496	683	868	1151	1421	1640	1946	2173	2525	2766
20.6	10	31	46	83	110	144	198	237	302	344	399	498	513
20.7	12	19	37	57	81	96	139	158	191	232	295	295	357
20.8	7	18	32	47	63	84	104	130	155	221	243	271	293
20.9	9	16	27	39	59	76	105	126	134	179	226	246	265
21	10	23	23	34	59	74	96	105	127	160	193	230	259
21.1	5	17	29	32	63	85	100	106	147	162	167	205	255
21.2	10	11	23	44	59	72	92	97	131	166	197	195	249
21.3	6	15	24	38	50	74	85	101	132	150	175	198	253
21.4	6	16	27	32	62	67	88	98	131	158	191	210	250
21.5	9	12	27	32	61	79	93	120	121	153	173	216	231
21.6	7	18	25	39	45	63	92	105	128	172	163	213	237
21.7	13	14	19	41	43	58	81	102	140	142	175	193	239
21.8	7	19	20	35	56	54	87	89	115	147	180	199	245
