Voltage U1	Corriente IA
U1/V	IA/nA

0,02	0,76
0,04	0,71
0,07	0,63
0,09	0,63
0,12	0,56
0,14	0,57
0,17	0,55
0,19	0,53
0,21	0,51
0,24	0,54
0,26	0,48
0,29	0,47
0,31	0,44
0,34	0,42
0,36	0,46
0,39	0,48
0,41	0,45
0,43	0,43
0,46	0,45
0,48	0,42
0,51	0,45
0,53	0,43
0,56	0,42
0,58	0,38
0,61	0,41
0,63	0,36
0,65	0,37
0,68	0,35
0,70	0,37
0,73	0,33
0,75	0,38
0,78	0,35
0,80	0,41
0,83	0,42
0,85	0,45
0,87	0,40
0,90	0,44
0,92	0,40
0,95	0,46
0,97	0,39
1,00	0,46
1,02	0,43
1,05	0,46
1,07	0,45
1,09	0,56
1,12	0,48
1,14	0,58
1,17	0,52
1,19	0,57
1,22	0,57
1,24	0,64
1,26	0,54
1,29	0,64
1,31	0,57
1,34	0,62
1,36	0,60
1,39	0,63
1,41	0,56
1,44	0,64
1,46	0,57
1,48	0,64
1,51	0,60
1,53	0,63
1,56	0,60
1,58	0,63
1,61	0,59
1,63	0,65
1,66	0,57
1,68	0,60
1,70	0,56
1,73	0,58
1,75	0,55
1,78	0,57
1,80	0,51
1,83	0,54
1,85	0,51
1,88	0,51
1,90	0,51
1,92	0,54
1,95	0,51
1,97	0,51
2,00	0,50
2,02	0,48
2,05	0,49
2,07	0,49
2,10	0,47
2,12	0,43
2,14	0,44
2,17	0,40
2,19	0,42
2,22	0,42
2,24	0,40
2,27	0,34
2,29	0,38
2,31	0,33
2,34	0,36
2,36	0,34
2,39	0,35
2,41	0,31
2,44	0,36
2,46	0,32
2,49	0,40
2,51	0,35
2,53	0,40
2,56	0,38
2,58	0,42
2,61	0,40
2,63	0,48
2,66	0,41
2,68	0,53
2,71	0,48
2,73	0,51
2,75	0,50
2,78	0,58
2,80	0,50
2,83	0,61
2,85	0,54
2,88	0,58
2,90	0,56
2,93	0,62
2,95	0,55
2,97	0,65
3,00	0,57
3,02	0,66
3,05	0,61
3,07	0,67
3,10	0,61
3,12	0,66
3,15	0,60
3,17	0,65
3,19	0,59
3,22	0,64
3,24	0,56
3,27	0,60
3,29	0,58
3,32	0,63
3,34	0,59
3,36	0,62
3,39	0,57
3,41	0,61
3,44	0,58
3,46	0,60
3,49	0,55
3,51	0,55
3,54	0,52
3,56	0,54
3,58	0,53
3,61	0,55
3,63	0,52
3,66	0,50
3,68	0,50
3,71	0,49
3,73	0,48
3,76	0,49
3,78	0,46
3,80	0,43
3,83	0,44
3,85	0,39
3,88	0,40
3,90	0,40
3,93	0,39
3,95	0,35
3,98	0,36
4,00	0,32
4,02	0,38
4,05	0,36
4,07	0,39
4,10	0,35
4,12	0,40
4,15	0,39
4,17	0,46
4,20	0,40
4,22	0,46
4,24	0,40
4,27	0,43
4,29	0,43
4,32	0,52
4,34	0,45
4,37	0,54
4,39	0,49
4,42	0,55
4,44	0,53
4,46	0,59
4,49	0,50
4,51	0,59
4,54	0,53
4,56	0,58
4,59	0,56
4,61	0,63
4,63	0,55
4,66	0,63
4,68	0,58
4,71	0,63
4,73	0,59
4,76	0,65
4,78	0,58
4,81	0,63
4,83	0,59
4,85	0,66
4,88	0,62
4,90	0,67
4,93	0,60
4,95	0,63
4,98	0,60
5,00	0,65
5,03	0,62
5,05	0,63
5,07	0,61
5,10	0,63
5,12	0,61
5,15	0,65
5,17	0,61
5,20	0,57
5,22	0,57
5,25	0,55
5,27	0,54
5,29	0,56
5,32	0,52
5,34	0,48
5,37	0,49
5,39	0,45
5,42	0,48
5,44	0,47
5,47	0,43
5,49	0,41
5,51	0,43
5,54	0,37
5,56	0,41
5,59	0,38
5,61	0,38
5,64	0,33
5,66	0,35
5,68	0,31
5,71	0,36
5,73	0,33
5,76	0,39
5,78	0,35
5,81	0,41
5,83	0,38
5,86	0,45
5,88	0,41
5,90	0,49
5,93	0,41
5,95	0,46
5,98	0,44
6,00	0,53
6,03	0,47
6,05	0,58
6,08	0,53
6,10	0,58
6,12	0,57
6,15	0,66
6,17	0,56
6,20	0,67
6,22	0,62
6,25	0,68
6,27	0,66
6,30	0,73
6,32	0,64
6,34	0,74
6,37	0,68
6,39	0,73
6,42	0,69
6,44	0,74
6,47	0,67
6,49	0,76
6,52	0,71
6,54	0,78
6,56	0,72
6,59	0,74
6,61	0,71
6,64	0,74
6,66	0,68
6,69	0,74
6,71	0,67
6,73	0,69
6,76	0,67
6,78	0,66
6,81	0,63
6,83	0,66
6,86	0,61
6,88	0,62
6,91	0,61
6,93	0,59
6,95	0,62
6,98	0,64
7,00	0,60
7,03	0,58
7,05	0,58
7,08	0,55
7,10	0,57
7,13	0,55
7,15	0,55
7,17	0,50
7,20	0,53
7,22	0,49
7,25	0,53
7,27	0,53
7,30	0,53
7,32	0,46
7,35	0,53
7,37	0,49
7,39	0,53
7,42	0,50
7,44	0,52
7,47	0,47
7,49	0,55
7,52	0,50
7,54	0,58
7,57	0,52
7,59	0,60
7,61	0,56
7,64	0,60
7,66	0,58
7,69	0,70
7,71	0,62
7,74	0,75
7,76	0,69
7,78	0,74
7,81	0,75
7,83	0,84
7,86	0,72
7,88	0,84
7,91	0,77
7,93	0,83
7,96	0,84
7,98	0,90
8,00	0,82
8,03	0,92
8,05	0,86
8,08	0,96
8,10	0,92
8,13	0,94
8,15	0,88
8,18	0,92
8,20	0,87
8,22	0,94
8,25	0,85
8,27	0,88
8,30	0,84
8,32	0,87
8,35	0,85
8,37	0,90
8,40	0,84
8,42	0,88
8,44	0,85
8,47	0,85
8,49	0,84
8,52	0,88
8,54	0,84
8,57	0,83
8,59	0,80
8,62	0,80
8,64	0,79
8,66	0,82
8,69	0,81
8,71	0,79
8,74	0,81
8,76	0,77
8,79	0,79
8,81	0,81
8,84	0,79
8,86	0,72
8,88	0,75
8,91	0,68
8,93	0,72
8,96	0,70
8,98	0,71
9,01	0,66
9,03	0,70
9,05	0,65
9,08	0,76
9,10	0,73
9,13	0,77
9,15	0,74
9,18	0,80
9,20	0,77
9,23	0,86
9,25	0,76
9,27	0,85
9,30	0,81
9,32	0,84
9,35	0,84
9,37	0,93
9,40	0,86
9,42	1,00
9,45	0,95
9,47	0,99
9,49	0,98
9,52	1,06
9,54	0,99
9,57	1,10
9,59	1,01
9,62	1,08
9,64	1,04
9,67	1,11
9,69	1,04
9,71	1,11
9,74	1,05
9,76	1,11
9,79	1,06
9,81	1,12
9,84	1,05
9,86	1,09
9,89	1,09
9,91	1,14
9,93	1,10
9,96	1,13
9,98	1,09
10,01	1,12
10,03	1,10
10,06	1,12
10,08	1,06
10,10	1,06
10,13	1,04
10,15	1,06
10,18	1,04
10,20	1,08
10,23	1,03
10,25	1,02
10,28	1,04
10,30	1,02
10,32	1,00
10,35	1,02
10,37	0,97
10,40	0,95
10,42	0,97
10,45	0,90
10,47	0,93
10,50	0,92
10,52	0,90
10,54	0,87
10,57	0,90
10,59	0,84
10,62	0,92
10,64	0,90
10,67	0,94
10,69	0,90
10,72	0,95
10,74	0,90
10,76	0,98
10,79	0,92
10,81	0,97
10,84	0,91
10,86	0,95
10,89	0,94
10,91	1,04
10,94	0,98
10,96	1,08
10,98	1,04
11,01	1,13
11,03	1,13
11,06	1,21
11,08	1,13
11,11	1,23
11,13	1,18
11,15	1,24
11,18	1,20
11,20	1,28
11,23	1,19
11,25	1,29
11,28	1,25
11,30	1,31
11,33	1,27
11,35	1,36
11,37	1,30
11,40	1,38
11,42	1,33
11,45	1,40
11,47	1,35
11,50	1,41
11,52	1,34
11,55	1,38
11,57	1,33
11,59	1,39
11,62	1,34
11,64	1,37
11,67	1,34
11,69	1,38
11,72	1,36
11,74	1,46
11,77	1,40
11,79	1,42
11,81	1,41
11,84	1,38
11,86	1,37
11,89	1,41
11,91	1,35
11,94	1,35
11,96	1,34
11,99	1,32
12,01	1,37
12,03	1,38
12,06	1,36
12,08	1,35
12,11	1,37
12,13	1,33
12,16	1,37
12,18	1,35
12,21	1,35
12,23	1,31
12,25	1,35
12,28	1,31
12,30	1,36
12,33	1,34
12,35	1,39
12,38	1,36
12,40	1,42
12,42	1,38
12,45	1,46
12,47	1,45
12,50	1,52
12,52	1,46
12,55	1,52
12,57	1,49
12,60	1,58
12,62	1,51
12,64	1,60
12,67	1,57
12,69	1,63
12,72	1,62
12,74	1,74
12,77	1,66
12,79	1,79
12,82	1,74
12,84	1,80
12,86	1,78
12,89	1,86
12,91	1,78
12,94	1,88
12,96	1,81
12,99	1,86
13,01	1,84
13,04	1,89
13,06	1,82
13,08	1,88
13,11	1,82
13,13	1,90
13,16	1,85
13,18	1,88
13,21	1,86
13,23	1,91
13,26	1,87
13,28	1,93
13,30	1,84
13,33	1,86
13,35	1,82
13,38	1,81
13,40	1,78
13,43	1,81
13,45	1,74
13,47	1,77
13,50	1,75
13,52	1,73
13,55	1,73
13,57	1,76
13,60	1,73
13,62	1,72
13,65	1,72
13,67	1,68
13,69	1,70
13,72	1,71
13,74	1,69
13,77	1,63
13,79	1,65
13,82	1,59
13,84	1,62
13,87	1,61
13,89	1,61
13,91	1,53
13,94	1,62
13,96	1,56
13,99	1,63
14,01	1,61
14,04	1,62
14,06	1,57
14,09	1,62
14,11	1,58
14,13	1,66
14,16	1,57
14,18	1,64
14,21	1,62
14,23	1,67
14,26	1,66
14,28	1,74
14,31	1,66
14,33	1,79
14,35	1,74
14,38	1,78
14,40	1,76
14,43	1,84
14,45	1,74
14,48	1,87
14,50	1,78
14,52	1,84
14,55	1,81
14,57	1,86
14,60	1,79
14,62	1,88
14,65	1,80
14,67	1,91
14,70	1,86
14,72	1,91
14,74	1,85
14,77	1,89
14,79	1,84
14,82	1,90
14,84	1,82
14,87	1,85
14,89	1,80
14,92	1,83
14,94	1,82
14,96	1,87
14,99	1,82
15,01	1,84
15,04	1,81
15,06	1,83
15,09	1,82
15,11	1,84
15,14	1,80
15,16	1,78
15,18	1,77
15,21	1,78
15,23	1,76
15,26	1,78
15,28	1,76
15,31	1,73
15,33	1,76
15,36	1,72
15,38	1,73
15,40	1,77
15,43	1,75
15,45	1,70
15,48	1,75
15,50	1,69
15,53	1,74
15,55	1,73
15,57	1,75
15,60	1,71
15,62	1,75
15,65	1,75
15,67	1,85
15,70	1,81
15,72	1,88
15,75	1,83
15,77	1,88
15,79	1,89
15,82	1,95
15,84	1,88
15,87	2,01
15,89	1,98
15,92	2,05
15,94	2,08
15,97	2,18
15,99	2,14
16,01	2,27
16,04	2,22
16,06	2,29
16,09	2,29
16,11	2,36
16,14	2,32
16,16	2,40
16,19	2,36
16,21	2,44
16,23	2,42
16,26	2,51
16,28	2,46
16,31	2,53
16,33	2,50
16,36	2,56
16,38	2,53
16,41	2,59
16,43	2,55
16,45	2,62
16,48	2,61
16,50	2,69
16,53	2,68
16,55	2,73
16,58	2,71
16,60	2,75
16,63	2,74
16,65	2,82
16,67	2,80
16,70	2,81
16,72	2,81
16,75	2,83
16,77	2,84
16,80	2,90
16,82	2,89
16,84	2,88
16,87	2,92
16,89	2,90
16,92	2,94
16,94	2,97
16,97	2,96
16,99	2,94
17,02	2,98
17,04	2,96
17,06	3,02
17,09	3,00
17,11	3,01
17,14	2,99
17,16	3,04
17,19	2,99
17,21	3,07
17,24	3,05
17,26	3,14
17,28	3,11
17,31	3,18
17,33	3,17
17,36	3,27
17,38	3,21
17,41	3,32
17,43	3,27
17,46	3,32
17,48	3,32
17,50	3,41
17,53	3,35
17,55	3,48
17,58	3,41
17,60	3,48
17,63	3,48
17,65	3,58
17,68	3,50
17,70	3,61
17,72	3,56
17,75	3,61
17,77	3,59
17,80	3,67
17,82	3,56
17,85	3,66
17,87	3,61
17,89	3,66
17,92	3,62
17,94	3,67
17,97	3,59
17,99	3,66
18,02	3,60
18,04	3,64
18,07	3,58
18,09	3,59
18,11	3,54
18,14	3,57
18,16	3,52
18,19	3,55
18,21	3,49
18,24	3,48
18,26	3,45
18,29	3,44
18,31	3,39
18,33	3,41
18,36	3,34
18,38	3,31
18,41	3,29
18,43	3,24
18,46	3,22
18,48	3,22
18,51	3,18
18,53	3,14
18,55	3,12
18,58	3,06
18,60	3,08
18,63	3,06
18,65	3,02
18,68	2,95
18,70	2,96
18,73	2,88
18,75	2,92
18,77	2,87
18,80	2,88
18,82	2,80
18,85	2,84
18,87	2,81
18,90	2,88
18,92	2,83
18,94	2,86
18,97	2,78
18,99	2,84
19,02	2,79
19,04	2,83
19,07	2,74
19,09	2,81
19,12	2,74
19,14	2,79
19,16	2,76
19,19	2,84
19,21	2,75
19,24	2,86
19,26	2,79
19,29	2,82
19,31	2,79
19,34	2,87
19,36	2,77
19,38	2,86
19,41	2,79
19,43	2,84
19,46	2,83
19,48	2,90
19,51	2,81
19,53	2,89
19,56	2,83
19,58	2,89
19,60	2,86
19,63	2,88
19,65	2,82
19,68	2,85
19,70	2,80
19,73	2,88
19,75	2,82
19,78	2,84
19,80	2,81
19,82	2,81
19,85	2,79
19,87	2,84
19,90	2,78
19,92	2,78
19,95	2,76
19,97	2,76
19,99	2,78
20,02	2,81
20,04	2,78
20,07	2,80
20,09	2,81
20,12	2,80
20,14	2,83
20,17	2,86
20,19	2,86
20,21	2,83
20,24	2,85
20,26	2,81
20,29	2,85
20,31	2,86
20,34	2,89
20,36	2,85
20,39	2,93
20,41	2,92
20,43	3,01
20,46	3,02
20,48	3,08
20,51	3,04
20,53	3,13
20,56	3,11
20,58	3,19
20,61	3,17
20,63	3,26
20,65	3,23
20,68	3,30
20,70	3,33
20,73	3,46
20,75	3,43
20,78	3,57
20,80	3,58
20,83	3,68
20,85	3,72
20,87	3,84
20,90	3,79
20,92	3,94
20,95	3,93
20,97	4,00
21,00	4,02
21,02	4,13
21,05	4,10
21,07	4,25
21,09	4,24
21,12	4,34
21,14	4,35
21,17	4,45
21,19	4,45
21,22	4,56
21,24	4,53
21,26	4,65
21,29	4,64
21,31	4,72
21,34	4,72
21,36	4,79
21,39	4,81
21,41	4,93
21,44	4,93
21,46	5,01
21,48	5,05
21,51	5,11
21,53	5,17
21,56	5,26
21,58	5,27
21,61	5,32
21,63	5,34
21,66	5,38
21,68	5,43
21,70	5,49
21,73	5,51
21,75	5,52
21,78	5,58
21,80	5,62
21,83	5,68
21,85	5,72
21,88	5,75
21,90	5,74
21,92	5,84
21,95	5,82
21,97	5,86
22,00	5,89
22,02	5,92
22,05	5,89
22,07	5,97
22,10	5,93
22,12	6,04
22,14	6,02
22,17	6,09
22,19	6,08
22,22	6,14
22,24	6,12
22,27	6,23
22,29	6,16
22,31	6,28
22,34	6,25
22,36	6,31
22,39	6,32
22,41	6,40
22,44	6,31
22,46	6,43
22,49	6,36
22,51	6,38
22,53	6,37
22,56	6,42
22,58	6,33
22,61	6,40
22,63	6,31
22,66	6,37
22,68	6,31
22,71	6,32
22,73	6,22
22,75	6,23
22,78	6,16
22,80	6,19
22,83	6,09
22,85	6,09
22,88	6,00
22,90	5,99
22,93	5,94
22,95	5,95
22,97	5,85
23,00	5,85
23,02	5,79
23,05	5,77
23,07	5,71
23,10	5,68
23,12	5,59
23,15	5,53
23,17	5,45
23,19	5,39
23,22	5,32
23,24	5,29
23,27	5,23
23,29	5,15
23,32	5,12
23,34	5,04
23,36	5,01
23,39	4,98
23,41	4,92
23,44	4,81
23,46	4,80
23,49	4,67
23,51	4,65
23,54	4,60
23,56	4,54
23,58	4,44
23,61	4,43
23,63	4,34
23,66	4,39
23,68	4,32
23,71	4,32
23,73	4,28
23,76	4,32
23,78	4,25
23,80	4,29
23,83	4,20
23,85	4,25
23,88	4,16
23,90	4,14
23,93	4,10
23,95	4,15
23,98	4,05
24,00	4,16
24,02	4,08
24,05	4,11
24,07	4,09
24,10	4,14
24,12	4,08
24,15	4,18
24,17	4,07
24,20	4,12
24,22	4,07
24,24	4,14
24,27	4,05
24,29	4,10
24,32	4,04
24,34	4,10
24,37	4,05
24,39	4,12
24,42	4,05
24,44	4,10
24,46	4,08
24,49	4,15
24,51	4,11
24,54	4,15
24,56	4,11
24,59	4,15
24,61	4,14
24,63	4,18
24,66	4,15
24,68	4,16
24,71	4,15
24,73	4,18
24,76	4,18
24,78	4,24
24,81	4,22
24,83	4,22
24,85	4,27
24,88	4,27
24,90	4,30
24,93	4,36
24,95	4,34
24,98	4,35
25,00	4,39
25,03	4,36
25,05	4,44
25,07	4,46
25,10	4,47
25,12	4,48
25,15	4,55
25,17	4,55
25,20	4,66
25,22	4,69
25,25	4,77
25,27	4,79
25,29	4,90
25,32	4,92
25,34	5,05
25,37	5,05
25,39	5,16
25,42	5,15
25,44	5,25
25,47	5,28
25,49	5,42
25,51	5,41
25,54	5,56
25,56	5,58
25,59	5,74
25,61	5,82
25,64	5,97
25,66	5,98
25,68	6,16
25,71	6,18
25,73	6,31
25,76	6,35
25,78	6,49
25,81	6,48
25,83	6,64
25,86	6,68
25,88	6,82
25,90	6,86
25,93	7,02
25,95	7,04
25,98	7,21
26,00	7,25
26,03	7,40
26,05	7,45
26,08	7,59
26,10	7,61
26,12	7,75
26,15	7,76
26,17	7,90
26,20	7,93
26,22	8,03
26,25	8,08
26,27	8,18
26,30	8,24
26,32	8,42
26,34	8,46
26,37	8,57
26,39	8,65
26,42	8,72
26,44	8,80
26,47	8,93
26,49	8,94
26,52	9,01
26,54	9,08
26,56	9,13
26,59	9,24
26,61	9,32
26,64	9,38
26,66	9,44
26,69	9,54
26,71	9,56
26,73	9,67
26,76	9,72
26,78	9,77
26,81	9,77
26,83	9,85
26,86	9,85
26,88	9,95
26,91	9,96
26,93	10,03
26,95	10,02
26,98	10,11
27,00	10,10
27,03	10,19
27,05	10,18
27,08	10,27
27,10	10,22
27,13	10,28
27,15	10,24
27,17	10,34
27,20	10,26
27,22	10,35
27,25	10,28
27,27	10,31
27,30	10,27
27,32	10,36
27,35	10,22
27,37	10,30
27,39	10,20
27,42	10,22
27,44	10,15
27,47	10,17
27,49	10,01
27,52	10,06
27,54	9,94
27,57	9,94
27,59	9,84
27,61	9,80
27,64	9,66
27,66	9,64
27,69	9,52
27,71	9,51
27,74	9,37
27,76	9,30
27,78	9,19
27,81	9,13
27,83	9,01
27,86	8,97
27,88	8,79
27,91	8,71
27,93	8,60
27,96	8,50
27,98	8,40
28,00	8,34
28,03	8,20
28,05	8,11
28,08	8,01
28,10	7,89
28,13	7,80
28,15	7,71
28,18	7,59
28,20	7,46
28,22	7,39
28,25	7,26
28,27	7,21
28,30	7,12
28,32	7,04
28,35	6,90
28,37	6,85
28,40	6,70
28,42	6,66
28,44	6,56
28,47	6,51
28,49	6,36
28,52	6,39
28,54	6,26
28,57	6,29
28,59	6,19
28,62	6,18
28,64	6,08
28,66	6,09
28,69	6,00
28,71	6,06
28,74	5,92
28,76	5,98
28,79	5,90
28,81	5,91
28,84	5,87
28,86	5,93
28,88	5,85
28,91	5,97
28,93	5,88
28,96	5,90
28,98	5,87
29,01	5,93
29,03	5,82
29,05	5,87
29,08	5,77
29,10	5,82
29,13	5,79
29,15	5,84
29,18	5,78
29,20	5,86
29,23	5,79
29,25	5,91
29,27	5,87
29,30	5,92
29,32	5,87
29,35	5,92
29,37	5,90
29,40	5,98
29,42	5,94
29,45	5,99
29,47	5,98
29,49	6,03
29,52	6,05
29,54	6,14
29,57	6,12
29,59	6,17
29,62	6,19
29,64	6,25
29,67	6,29
29,69	6,37
29,71	6,37
29,74	6,41
29,76	6,45
29,79	6,49
29,81	6,55
29,84	6,65
29,86	6,69
29,89	6,73
29,91	6,83
29,93	6,85
29,96	6,94
29,98	7,04
30,01	7,09
30,03	7,10
30,06	7,23
30,08	7,27
30,10	7,43
30,13	7,49
30,15	7,62
30,18	7,68
30,20	7,83
30,23	7,89
30,25	8,07
30,28	8,10
30,30	8,28
30,32	8,32
30,35	8,46
30,37	8,57
30,40	8,76
30,42	8,76
30,45	8,99
30,47	9,06
30,50	9,23
30,52	9,36
30,54	9,54
30,57	9,60
30,59	9,86
30,62	9,93
30,64	10,12
30,67	10,20
30,69	10,37
30,72	10,44
30,74	10,63
30,76	10,68
30,79	10,87
30,81	10,93
30,84	11,14
30,86	11,22
30,89	11,41
30,91	11,50
30,94	11,70
30,96	11,77
30,98	11,98
31,01	12,07
31,03	12,23
31,06	12,33
31,08	12,52
31,11	12,60
31,13	12,76
31,15	12,83
31,18	12,99
31,20	13,10
31,23	13,28
31,25	13,39
31,28	13,52
31,30	13,64
31,33	13,78
31,35	13,89
31,37	14,06
31,40	14,15
31,42	14,23
31,45	14,36
31,47	14,43
31,50	14,54
31,52	14,67
31,55	14,76
31,57	14,80
31,59	14,93
31,62	14,98
31,64	15,14
31,67	15,20
31,69	15,30
31,72	15,33
31,74	15,44
31,77	15,45
31,79	15,58
31,81	15,55
31,84	15,65
31,86	15,62
31,89	15,69
31,91	15,69
31,94	15,80
31,96	15,73
31,99	15,86
32,01	15,82
32,03	15,86
32,06	15,83
32,08	15,90
32,11	15,79
32,13	15,90
32,16	15,78
32,18	15,79
32,20	15,72
32,23	15,74
32,25	15,57
32,28	15,61
32,30	15,45
32,33	15,43
32,35	15,29
32,38	15,27
32,40	15,07
32,42	15,06
32,45	14,91
32,47	14,88
32,50	14,73
32,52	14,66
32,55	14,47
32,57	14,40
32,60	14,23
32,62	14,15
32,64	13,94
32,67	13,80
32,69	13,62
32,72	13,50
32,74	13,35
32,77	13,25
32,79	13,05
32,82	12,91
32,84	12,77
32,86	12,62
32,89	12,46
32,91	12,32
32,94	12,11
32,96	11,91
32,99	11,77
33,01	11,57
33,04	11,42
33,06	11,28
33,08	11,09
33,11	10,94
33,13	10,82
33,16	10,63
33,18	10,55
33,21	10,42
33,23	10,30
33,26	10,13
33,28	10,04
33,30	9,87
33,33	9,83
33,35	9,67
33,38	9,60
33,40	9,45
33,43	9,40
33,45	9,30
33,47	9,32
33,50	9,17
33,52	9,18
33,55	9,03
33,57	9,03
33,60	8,95
33,62	8,95
33,65	8,80
33,67	8,84
33,69	8,72
33,72	8,75
33,74	8,67
33,77	8,72
33,79	8,58
33,82	8,66
33,84	8,57
33,87	8,60
33,89	8,53
33,91	8,60
33,94	8,50
33,96	8,59
33,99	8,50
34,01	8,57
34,04	8,54
34,06	8,59
34,09	8,53
34,11	8,61
34,13	8,57
34,16	8,66
34,18	8,65
34,21	8,71
34,23	8,70
34,26	8,76
34,28	8,75
34,31	8,87
34,33	8,86
34,35	8,92
34,38	8,95
34,40	9,01
34,43	9,05
34,45	9,17
34,48	9,18
34,50	9,23
34,52	9,27
34,55	9,32
34,57	9,41
34,60	9,51
34,62	9,53
34,65	9,62
34,67	9,72
34,70	9,79
34,72	9,92
34,74	10,04
34,77	10,14
34,79	10,21
34,82	10,34
34,84	10,40
34,87	10,53
34,89	10,63
34,92	10,76
34,94	10,82
34,96	10,99
34,99	11,06
35,01	11,27
35,04	11,40
35,06	11,58
35,09	11,66
35,11	11,86
35,14	11,99
35,16	12,21
35,18	12,28
35,21	12,48
35,23	12,58
35,26	12,76
35,28	12,90
35,31	13,12
35,33	13,21
35,36	13,49
35,38	13,62
35,40	13,83
35,43	14,00
35,45	14,25
35,48	14,34
35,50	14,62
35,53	14,75
35,55	14,96
35,57	15,10
35,60	15,31
35,62	15,40
35,65	15,68
35,67	15,78
35,70	16,01
35,72	16,15
35,75	16,40
35,77	16,58
35,79	16,82
35,82	16,93
35,84	17,20
35,87	17,32
35,89	17,53
35,92	17,65
35,94	17,83
35,97	17,97
35,99	18,20
36,01	18,31
36,04	18,50
36,06	18,67
36,09	18,86
36,11	19,04
36,14	19,28
36,16	19,42
36,19	19,60
36,21	19,77
36,23	19,91
36,26	20,08
36,28	20,24
36,31	20,36
36,33	20,48
36,36	20,64
36,38	20,76
36,41	20,96
36,43	21,11
36,45	21,24
36,48	21,32
36,50	21,50
36,53	21,57
36,55	21,71
36,58	21,78
36,60	21,87
36,62	21,90
36,65	22,04
36,67	22,04
36,70	22,19
36,72	22,19
36,75	22,30
36,77	22,31
36,80	22,40
36,82	22,40
36,84	22,54
36,87	22,46
36,89	22,57
36,92	22,50
36,94	22,54
36,97	22,51
36,99	22,57
37,02	22,41
37,04	22,51
37,06	22,37
37,09	22,35
37,11	22,28
37,14	22,27
37,16	22,09
37,19	22,09
37,21	21,88
37,24	21,87
37,26	21,68
37,28	21,60
37,31	21,40
37,33	21,31
37,36	21,11
37,38	21,04
37,41	20,81
37,43	20,71
37,46	20,46
37,48	20,29
37,50	20,10
37,53	19,97
37,55	19,71
37,58	19,54
37,60	19,29
37,63	19,12
37,65	18,94
37,68	18,77
37,70	18,52
37,72	18,31
37,75	18,09
37,77	17,89
37,80	17,67
37,82	17,46
37,85	17,23
37,87	16,98
37,89	16,80
37,92	16,56
37,94	16,35
37,97	16,16
37,99	15,96
38,02	15,71
38,04	15,56
38,07	15,29
38,09	15,14
38,11	14,96
38,14	14,77
38,16	14,51
38,19	14,36
38,21	14,12
38,24	14,03
38,26	13,82
38,29	13,71
38,31	13,53
38,33	13,46
38,36	13,29
38,38	13,27
38,41	13,09
38,43	13,07
38,46	12,90
38,48	12,83
38,51	12,72
38,53	12,70
38,55	12,51
38,58	12,55
38,60	12,41
38,63	12,39
38,65	12,31
38,68	12,33
38,70	12,23
38,73	12,31
38,75	12,20
38,77	12,23
38,80	12,15
38,82	12,22
38,85	12,12
38,87	12,17
38,90	12,09
38,92	12,16
38,94	12,11
38,97	12,21
38,99	12,15
39,02	12,24
39,04	12,24
39,07	12,32
39,09	12,30
39,12	12,37
39,14	12,35
39,16	12,44
39,19	12,44
39,21	12,54
39,24	12,55
39,26	12,63
39,29	12,67
39,31	12,77
39,34	12,83
39,36	12,97
39,38	12,99
39,41	13,09
39,43	13,19
39,46	13,28
39,48	13,37
39,51	13,52
39,53	13,56
39,56	13,66
39,58	13,78
39,60	13,85
39,63	14,02
39,65	14,17
39,68	14,28
39,70	14,41
39,73	14,56
39,75	14,66
39,78	14,87
39,80	14,99
39,82	15,13
39,85	15,24
39,87	15,43
39,90	15,57
39,92	15,83
39,95	15,94
39,97	16,19
39,99	16,34
40,02	16,58
40,04	16,75
40,07	16,98
40,09	17,08
40,12	17,35
40,14	17,48
40,17	17,72
40,19	17,90
40,21	18,16
40,24	18,31
40,26	18,62
40,29	18,79
40,31	19,04
40,34	19,24
40,36	19,52
40,39	19,67
40,41	20,00
40,43	20,18
40,46	20,43
40,48	20,62
40,51	20,91
40,53	21,07
40,56	21,36
40,58	21,52
40,61	21,81
40,63	21,99
40,65	22,29
40,68	22,47
40,70	22,77
40,73	22,95
40,75	23,27
40,78	23,44
40,80	23,73
40,83	23,90
40,85	24,16
40,87	24,32
40,90	24,63
40,92	24,79
40,95	25,07
40,97	25,27
41,00	25,54
41,02	25,75
41,05	26,06
41,07	26,22
41,09	26,47
41,12	26,63
41,14	26,81
41,17	27,02
41,19	27,24
41,22	27,38
41,24	27,57
41,26	27,74
41,29	27,93
41,31	28,16
41,34	28,34
41,36	28,51
41,39	28,64
41,41	28,82
41,44	28,96
41,46	29,14
41,48	29,26
41,51	29,40
41,53	29,45
41,56	29,60
41,58	29,66
41,61	29,81
41,63	29,88
41,66	30,01
41,68	30,01
41,70	30,12
41,73	30,12
41,75	30,25
41,78	30,18
41,80	30,28
41,83	30,24
41,85	30,30
41,88	30,27
41,90	30,38
41,92	30,24
41,95	30,35
41,97	30,24
42,00	30,21
42,02	30,14
42,05	30,15
42,07	29,95
42,10	29,97
42,12	29,78
42,14	29,72
42,17	29,61
42,19	29,52
42,22	29,30
42,24	29,25
42,27	29,03
42,29	28,96
42,31	28,75
42,34	28,58
42,36	28,35
42,39	28,19
42,41	27,94
42,44	27,80
42,46	27,49
42,49	27,28
42,51	27,06
42,53	26,85
42,56	26,64
42,58	26,44
42,61	26,17
42,63	25,96
42,66	25,72
42,68	25,44
42,71	25,18
42,73	24,93
42,75	24,63
42,78	24,35
42,80	24,10
42,83	23,80
42,85	23,56
42,88	23,33
42,90	23,10
42,93	22,83
42,95	22,63
42,97	22,36
43,00	22,19
43,02	21,96
43,05	21,72
43,07	21,41
43,10	21,25
43,12	20,94
43,15	20,77
43,17	20,52
43,19	20,32
43,22	20,08
43,24	19,95
43,27	19,72
43,29	19,63
43,32	19,40
43,34	19,29
43,36	19,10
43,39	18,99
43,41	18,81
43,44	18,76
43,46	18,52
43,49	18,51
43,51	18,33
43,54	18,25
43,56	18,13
43,58	18,12
43,61	17,92
43,63	17,98
43,66	17,80
43,68	17,78
43,71	17,70
43,73	17,71
43,76	17,57
43,78	17,63
43,80	17,51
43,83	17,60
43,85	17,54
43,88	17,58
43,90	17,50
43,93	17,55
43,95	17,48
43,98	17,56
44,00	17,50
44,02	17,56
44,05	17,50
44,07	17,59
44,10	17,61
44,12	17,72
44,15	17,72
44,17	17,82
44,20	17,86
44,22	17,99
44,24	18,04
44,27	18,16
44,29	18,20
44,32	18,29
44,34	18,36
44,37	18,47
44,39	18,55
44,41	18,70
44,44	18,78
44,46	18,91
44,49	19,06
44,51	19,20
44,54	19,34
44,56	19,53
44,59	19,67
44,61	19,78
44,63	19,94
44,66	20,03
44,68	20,22
44,71	20,38
44,73	20,53
44,76	20,63
44,78	20,85
44,81	21,02
44,83	21,30
44,85	21,48
44,88	21,73
44,90	21,92
44,93	22,22
44,95	22,41
44,98	22,71
45,00	22,86
45,03	23,14
45,05	23,31
45,07	23,57
45,10	23,79
45,12	24,10
45,15	24,27
45,17	24,64
45,20	24,87
45,22	25,19
45,25	25,46
45,27	25,78
45,29	26,00
45,32	26,33
45,34	26,52
45,37	26,80
45,39	27,02
45,42	27,33
45,44	27,52
45,47	27,86
45,49	28,09
45,51	28,41
45,54	28,68
45,56	29,04
45,59	29,28
45,61	29,63
45,64	29,87
45,66	30,20
45,68	30,42
45,71	30,73
45,73	30,91
45,76	31,23
45,78	31,44
45,81	31,76
45,83	32,01
45,86	32,33
45,88	32,58
45,90	32,92
45,93	33,14
45,95	33,49
45,98	33,73
46,00	33,97
46,03	34,21
46,05	34,47
46,08	34,67
46,10	34,97
46,12	35,16
46,15	35,39
46,17	35,65
46,20	35,89
46,22	36,14
46,25	36,39
46,27	36,60
46,30	36,81
46,32	37,04
46,34	37,20
46,37	37,43
46,39	37,58
46,42	37,76
46,44	37,86
46,47	38,04
46,49	38,14
46,52	38,33
46,54	38,46
46,56	38,64
46,59	38,72
46,61	38,90
46,64	38,97
46,66	39,12
46,69	39,17
46,71	39,30
46,73	39,28
46,76	39,35
46,78	39,35
46,81	39,48
46,83	39,45
46,86	39,58
46,88	39,51
46,91	39,56
46,93	39,55
46,95	39,65
46,98	39,49
47,00	39,59
47,03	39,46
47,05	39,48
47,08	39,41
47,10	39,45
47,13	39,25
47,15	39,30
47,17	39,10
47,20	39,06
47,22	38,91
47,25	38,81
47,27	38,56
47,30	38,49
47,32	38,26
47,35	38,15
47,37	37,93
47,39	37,79
47,42	37,57
47,44	37,41
47,47	37,17
47,49	37,05
47,52	36,80
47,54	36,58
47,57	36,31
47,59	36,07
47,61	35,82
47,64	35,59
47,66	35,26
47,69	34,99
47,71	34,69
47,74	34,39
47,76	34,16
47,78	33,90
47,81	33,62
47,83	33,32
47,86	33,10
47,88	32,82
47,91	32,60
47,93	32,28
47,96	32,01
47,98	31,68
48,00	31,41
48,03	31,05
48,05	30,80
48,08	30,50
48,10	30,28
48,13	29,96
48,15	29,79
48,18	29,49
48,20	29,34
48,22	29,09
48,25	28,89
48,27	28,60
48,30	28,42
48,32	28,11
48,35	28,01
48,37	27,70
48,40	27,58
48,42	27,32
48,44	27,17
48,47	26,98
48,49	26,96
48,52	26,71
48,54	26,71
48,57	26,52
48,59	26,46
48,62	26,33
48,64	26,32
48,66	26,07
48,69	26,08
48,71	25,89
48,74	25,86
48,76	25,75
48,79	25,75
48,81	25,58
48,84	25,64
48,86	25,49
48,88	25,56
48,91	25,46
48,93	25,47
48,96	25,39
48,98	25,48
49,01	25,39
49,03	25,52
49,05	25,45
49,08	25,58
49,10	25,58
49,13	25,71
49,15	25,68
49,18	25,80
49,20	25,80
49,23	25,96
49,25	25,96
49,27	26,11
49,30	26,13
49,32	26,28
49,35	26,38
49,37	26,54
49,40	26,61
49,42	26,81
49,45	26,89
49,47	27,10
49,49	27,21
49,52	27,42
49,54	27,53
49,57	27,71
49,59	27,82
49,62	28,03
49,64	28,14
49,67	28,40
49,69	28,54
49,71	28,77
49,74	28,98
49,76	29,22
49,79	29,40
49,81	29,74
49,84	29,88
49,86	30,07
49,89	30,25
49,91	30,43
49,93	30,66
49,96	30,92
49,98	31,10
50,01	31,36
50,03	31,64
50,06	31,89
50,08	32,24
50,10	32,54
50,13	32,83
50,15	33,09
50,18	33,42
50,20	33,67
50,23	34,01
50,25	34,23
50,28	34,54
50,30	34,80
50,32	35,13
50,35	35,42
50,37	35,80
50,40	36,06
50,42	36,47
50,45	36,76
50,47	37,13
50,50	37,48
50,52	37,87
50,54	38,14
50,57	38,54
50,59	38,81
50,62	39,16
50,64	39,46
50,67	39,84
50,69	40,08
50,72	40,52
50,74	40,87
50,76	41,26
50,79	41,60
50,81	42,00
50,84	42,30
50,86	42,74
50,89	42,99
50,91	43,35
50,94	43,62
50,96	44,02
50,98	44,25
51,01	44,59
51,03	44,80
51,06	45,19
51,08	45,44
51,11	45,81
51,13	46,06
51,15	46,44
51,18	46,70
51,20	47,10
51,23	47,32
51,25	47,62
51,28	47,81
51,30	48,06
51,33	48,21
51,35	48,50
51,37	48,64
51,40	48,88
51,42	49,06
51,45	49,29
51,47	49,47
51,50	49,66
51,52	49,75
51,55	49,85
51,57	49,92
51,59	49,98
51,62	50,00
51,64	50,00
51,67	50,00
51,69	50,00
51,72	50,00
51,74	50,00
51,77	50,00
51,79	50,00
51,81	50,00
51,84	50,00
51,86	50,00
51,89	50,00
51,91	50,00
51,94	50,00
51,96	50,00
51,99	50,00
52,01	50,00
52,03	50,00
52,06	50,00
52,08	50,00
52,11	50,00
52,13	50,00
52,16	50,00
52,18	50,00
52,20	50,00
52,23	50,00
52,25	50,00
52,28	50,00
52,30	50,00
52,33	50,00
52,35	50,00
52,38	50,00
52,40	50,00
52,42	50,00
52,45	50,00
52,47	49,97
52,50	49,97
52,52	49,86
52,55	49,80
52,57	49,61
52,60	49,51
52,62	49,29
52,64	49,12
52,67	48,84
52,69	48,66
52,72	48,39
52,74	48,27
52,77	47,95
52,79	47,72
52,82	47,40
52,84	47,15
52,86	46,88
52,89	46,65
52,91	46,30
52,94	46,03
52,96	45,70
52,99	45,46
53,01	45,22
53,04	44,96
53,06	44,63
53,08	44,34
53,11	44,06
53,13	43,80
53,16	43,49
53,18	43,18
53,21	42,85
53,23	42,53
53,26	42,28
53,28	41,99
53,30	41,72
53,33	41,49
53,35	41,26
53,38	40,98
53,40	40,80
53,43	40,52
53,45	40,34
53,47	40,13
53,50	39,91
53,52	39,61
53,55	39,47
53,57	39,21
53,60	39,08
53,62	38,86
53,65	38,74
53,67	38,52
53,69	38,42
53,72	38,22
53,74	38,22
53,77	38,06
53,79	38,03
53,82	37,89
53,84	37,87
53,87	37,80
53,89	37,83
53,91	37,65
53,94	37,72
53,96	37,60
53,99	37,62
54,01	37,61
54,04	37,65
54,06	37,57
54,09	37,69
54,11	37,62
54,13	37,72
54,16	37,72
54,18	37,80
54,21	37,78
54,23	37,92
54,26	37,89
54,28	38,03
54,31	38,06
54,33	38,23
54,35	38,27
54,38	38,45
54,40	38,49
54,43	38,68
54,45	38,73
54,48	38,92
54,50	38,98
54,52	39,18
54,55	39,32
54,57	39,59
54,60	39,74
54,62	39,99
54,65	40,14
54,67	40,40
54,70	40,54
54,72	40,77
54,74	40,93
54,77	41,15
54,79	41,33
54,82	41,56
54,84	41,77
54,87	42,10
54,89	42,34
54,92	42,59
54,94	42,88
54,96	43,16
54,99	43,49
55,01	43,84
55,04	44,12
55,06	44,43
55,09	44,72
55,11	44,96
55,14	45,28
55,16	45,53
55,18	45,83
55,21	46,08
55,23	46,41
55,26	46,74
55,28	47,18
55,31	47,52
55,33	47,94
55,36	48,27
55,38	48,69
55,40	49,02
55,43	49,35
55,45	49,57
55,48	49,77
55,50	49,88
55,53	49,98
55,55	50,00
55,57	50,00
55,60	50,00
55,62	50,00
55,65	50,00
55,67	50,00
55,70	50,00
55,72	50,00
55,75	50,00
55,77	50,00
55,79	50,00
55,82	50,00
55,84	50,00
55,87	50,00
55,89	50,00
55,92	50,00
55,94	50,00
55,97	50,00
55,99	50,00
56,01	50,00
56,04	50,00
56,06	50,00
56,09	50,00
56,11	50,00
56,14	50,00
56,16	50,00
56,19	50,00
56,21	50,00
56,23	50,00
56,26	50,00
56,28	50,00
56,31	50,00
56,33	50,00
56,36	50,00
56,38	50,00
56,41	50,00
56,43	50,00
56,45	50,00
56,48	50,00
56,50	50,00
56,53	50,00
56,55	50,00
56,58	50,00
56,60	50,00
56,62	50,00
56,65	50,00
56,67	50,00
56,70	50,00
56,72	50,00
56,75	50,00
56,77	50,00
56,80	50,00
56,82	50,00
56,84	50,00
56,87	50,00
56,89	50,00
56,92	50,00
56,94	50,00
56,97	50,00
56,99	50,00
57,02	50,00
57,04	50,00
57,06	50,00
57,09	50,00
57,11	50,00
57,14	50,00
57,16	50,00
57,19	50,00
57,21	50,00
57,24	50,00
57,26	50,00
57,28	50,00
57,31	50,00
57,33	50,00
57,36	50,00
57,38	50,00
57,41	50,00
57,43	50,00
57,46	50,00
57,48	50,00
57,50	50,00
57,53	50,00
57,55	50,00
57,58	50,00
57,60	50,00
57,63	50,00
57,65	50,00
57,68	50,00
57,70	50,00
57,72	50,00
57,75	50,00
57,77	50,00
57,80	50,00
57,82	50,00
57,85	50,00
57,87	50,00
57,89	50,00
57,92	50,00
57,94	50,00
57,97	50,00
57,99	50,00
58,02	50,00
58,04	50,00
58,07	50,00
58,09	50,00
58,11	50,00
58,14	50,00
58,16	50,00
58,19	50,00
58,21	50,00
58,24	50,00
58,26	50,00
58,29	50,00
58,31	50,00
58,33	50,00
58,36	50,00
58,38	50,00
58,41	50,00
58,43	50,00
58,46	50,00
58,48	50,00
58,51	50,00
58,53	50,00
58,55	50,00
58,58	50,00
58,60	50,00
58,63	50,00
58,65	50,00
58,68	50,00
58,70	50,00
58,73	50,00
58,75	50,00
58,77	50,00
58,80	50,00
58,82	50,00
58,85	50,00
58,87	50,00
58,90	50,00
58,92	50,00
58,94	50,00
58,97	50,00
58,99	50,00
59,02	50,00
59,04	50,00
59,07	50,00
59,09	50,00
59,12	50,00
59,14	50,00
59,16	50,00
59,19	50,00
59,21	50,00
59,24	50,00
59,26	50,00
59,29	50,00
59,31	50,00
59,34	50,00
59,36	50,00
59,38	50,00
59,41	50,00
59,43	50,00
59,46	50,00
59,48	50,00
59,51	50,00
59,53	50,00
59,56	50,00
59,58	50,00
59,60	50,00
59,63	50,00
59,65	50,00
59,68	50,00
59,70	50,00
59,73	50,00
59,75	50,00
59,78	50,00
59,80	50,00
59,82	50,00
59,85	50,00
59,87	50,00
59,90	50,00
59,92	50,00
59,95	50,00
59,97	50,00
59,99	50,00
