Voltage U1	Corriente IA
U1/V	IA/nA

0,02	0,46
0,04	0,45
0,07	0,46
0,09	0,47
0,12	0,48
0,14	0,50
0,17	0,50
0,19	0,50
0,21	0,51
0,24	0,50
0,26	0,48
0,29	0,48
0,31	0,46
0,34	0,45
0,36	0,43
0,39	0,42
0,41	0,47
0,43	0,48
0,46	0,48
0,48	0,49
0,51	0,51
0,53	0,54
0,56	0,57
0,58	0,53
0,61	0,53
0,63	0,51
0,65	0,52
0,68	0,50
0,70	0,51
0,73	0,50
0,75	0,49
0,78	0,47
0,80	0,50
0,83	0,48
0,85	0,49
0,87	0,48
0,90	0,49
0,92	0,48
0,95	0,51
0,97	0,49
1,00	0,51
1,02	0,50
1,05	0,49
1,07	0,47
1,09	0,47
1,12	0,45
1,14	0,48
1,17	0,47
1,19	0,50
1,22	0,49
1,24	0,50
1,26	0,50
1,29	0,52
1,31	0,49
1,34	0,50
1,36	0,47
1,39	0,46
1,41	0,45
1,44	0,46
1,46	0,46
1,48	0,46
1,51	0,43
1,53	0,45
1,56	0,45
1,58	0,45
1,61	0,49
1,63	0,48
1,66	0,49
1,68	0,51
1,70	0,51
1,73	0,51
1,75	0,51
1,78	0,48
1,80	0,49
1,83	0,46
1,85	0,44
1,88	0,46
1,90	0,46
1,92	0,46
1,95	0,46
1,97	0,44
2,00	0,48
2,02	0,49
2,05	0,48
2,07	0,47
2,10	0,44
2,12	0,45
2,14	0,45
2,17	0,41
2,19	0,40
2,22	0,38
2,24	0,39
2,27	0,41
2,29	0,41
2,31	0,41
2,34	0,46
2,36	0,47
2,39	0,47
2,41	0,47
2,44	0,47
2,46	0,46
2,49	0,43
2,51	0,40
2,53	0,41
2,56	0,39
2,58	0,38
2,61	0,41
2,63	0,42
2,66	0,47
2,68	0,49
2,71	0,49
2,73	0,52
2,75	0,51
2,78	0,50
2,80	0,49
2,83	0,47
2,85	0,46
2,88	0,48
2,90	0,46
2,93	0,47
2,95	0,45
2,97	0,45
3,00	0,47
3,02	0,46
3,05	0,45
3,07	0,47
3,10	0,47
3,12	0,49
3,15	0,49
3,17	0,48
3,19	0,48
3,22	0,47
3,24	0,44
3,27	0,45
3,29	0,44
3,32	0,43
3,34	0,44
3,36	0,44
3,39	0,44
3,41	0,45
3,44	0,44
3,46	0,47
3,49	0,47
3,51	0,45
3,54	0,46
3,56	0,44
3,58	0,44
3,61	0,43
3,63	0,41
3,66	0,42
3,68	0,43
3,71	0,42
3,73	0,46
3,76	0,45
3,78	0,44
3,80	0,47
3,83	0,46
3,85	0,48
3,88	0,51
3,90	0,49
3,93	0,52
3,95	0,54
3,98	0,52
4,00	0,54
4,02	0,53
4,05	0,50
4,07	0,52
4,10	0,50
4,12	0,50
4,15	0,50
4,17	0,50
4,20	0,50
4,22	0,52
4,24	0,49
4,27	0,48
4,29	0,46
4,32	0,46
4,34	0,44
4,37	0,45
4,39	0,43
4,42	0,44
4,44	0,43
4,46	0,45
4,49	0,44
4,51	0,44
4,54	0,45
4,56	0,46
4,59	0,46
4,61	0,48
4,63	0,47
4,66	0,48
4,68	0,47
4,71	0,47
4,73	0,47
4,76	0,46
4,78	0,44
4,81	0,45
4,83	0,45
4,85	0,46
4,88	0,44
4,90	0,44
4,93	0,48
4,95	0,49
4,98	0,48
5,00	0,48
5,03	0,46
5,05	0,47
5,07	0,46
5,10	0,43
5,12	0,43
5,15	0,42
5,17	0,43
5,20	0,45
5,22	0,44
5,25	0,45
5,27	0,47
5,29	0,47
5,32	0,48
5,34	0,47
5,37	0,47
5,39	0,48
5,42	0,48
5,44	0,46
5,47	0,48
5,49	0,45
5,51	0,46
5,54	0,45
5,56	0,46
5,59	0,46
5,61	0,46
5,64	0,45
5,66	0,51
5,68	0,51
5,71	0,52
5,73	0,49
5,76	0,46
5,78	0,46
5,81	0,45
5,83	0,43
5,86	0,44
5,88	0,41
5,90	0,43
5,93	0,45
5,95	0,45
5,98	0,44
6,00	0,46
6,03	0,43
6,05	0,48
6,08	0,48
6,10	0,47
6,12	0,47
6,15	0,48
6,17	0,45
6,20	0,48
6,22	0,43
6,25	0,43
6,27	0,44
6,30	0,45
6,32	0,46
6,34	0,47
6,37	0,44
6,39	0,49
6,42	0,48
6,44	0,47
6,47	0,48
6,49	0,45
6,52	0,45
6,54	0,46
6,56	0,44
6,59	0,45
6,61	0,43
6,64	0,43
6,66	0,46
6,69	0,46
6,71	0,44
6,73	0,43
6,76	0,43
6,78	0,45
6,81	0,45
6,83	0,44
6,86	0,44
6,88	0,46
6,91	0,46
6,93	0,47
6,95	0,45
6,98	0,45
7,00	0,44
7,03	0,44
7,05	0,44
7,08	0,44
7,10	0,44
7,13	0,48
7,15	0,47
7,17	0,47
7,20	0,48
7,22	0,46
7,25	0,46
7,27	0,46
7,30	0,45
7,32	0,44
7,35	0,44
7,37	0,44
7,39	0,45
7,42	0,44
7,44	0,47
7,47	0,46
7,49	0,47
7,52	0,48
7,54	0,50
7,57	0,51
7,59	0,52
7,61	0,50
7,64	0,49
7,66	0,50
7,69	0,50
7,71	0,47
7,74	0,47
7,76	0,47
7,78	0,47
7,81	0,47
7,83	0,47
7,86	0,47
7,88	0,48
7,91	0,47
7,93	0,47
7,96	0,47
7,98	0,48
8,00	0,47
8,03	0,47
8,05	0,47
8,08	0,45
8,10	0,45
8,13	0,47
8,15	0,45
8,18	0,46
8,20	0,45
8,22	0,45
8,25	0,46
8,27	0,46
8,30	0,46
8,32	0,46
8,35	0,45
8,37	0,48
8,40	0,49
8,42	0,48
8,44	0,48
8,47	0,47
8,49	0,47
8,52	0,49
8,54	0,47
8,57	0,46
8,59	0,49
8,62	0,49
8,64	0,49
8,66	0,49
8,69	0,49
8,71	0,48
8,74	0,49
8,76	0,47
8,79	0,48
8,81	0,47
8,84	0,47
8,86	0,47
8,88	0,47
8,91	0,45
8,93	0,46
8,96	0,46
8,98	0,48
9,01	0,47
9,03	0,47
9,05	0,48
9,08	0,50
9,10	0,49
9,13	0,52
9,15	0,47
9,18	0,48
9,20	0,50
9,23	0,51
9,25	0,51
9,27	0,50
9,30	0,45
9,32	0,50
9,35	0,49
9,37	0,47
9,40	0,47
9,42	0,48
9,45	0,47
9,47	0,51
9,49	0,49
9,52	0,50
9,54	0,46
9,57	0,45
9,59	0,43
9,62	0,45
9,64	0,45
9,67	0,46
9,69	0,47
9,71	0,52
9,74	0,49
9,76	0,52
9,79	0,50
9,81	0,51
9,84	0,50
9,86	0,50
9,89	0,50
9,91	0,52
9,93	0,49
9,96	0,50
9,98	0,50
10,01	0,51
10,03	0,48
10,06	0,50
10,08	0,49
10,10	0,49
10,13	0,49
10,15	0,48
10,18	0,49
10,20	0,51
10,23	0,50
10,25	0,51
10,28	0,49
10,30	0,49
10,32	0,50
10,35	0,50
10,37	0,50
10,40	0,50
10,42	0,49
10,45	0,51
10,47	0,53
10,50	0,52
10,52	0,52
10,54	0,51
10,57	0,51
10,59	0,53
10,62	0,54
10,64	0,53
10,67	0,53
10,69	0,53
10,72	0,53
10,74	0,53
10,76	0,52
10,79	0,51
10,81	0,53
10,84	0,53
10,86	0,54
10,89	0,54
10,91	0,57
10,94	0,56
10,96	0,56
10,98	0,55
11,01	0,54
11,03	0,52
11,06	0,53
11,08	0,50
11,11	0,52
11,13	0,53
11,15	0,54
11,18	0,54
11,20	0,57
11,23	0,59
11,25	0,61
11,28	0,58
11,30	0,60
11,33	0,60
11,35	0,63
11,37	0,60
11,40	0,60
11,42	0,57
11,45	0,61
11,47	0,58
11,50	0,59
11,52	0,56
11,55	0,56
11,57	0,55
11,59	0,56
11,62	0,53
11,64	0,54
11,67	0,52
11,69	0,54
11,72	0,54
11,74	0,53
11,77	0,53
11,79	0,56
11,81	0,56
11,84	0,56
11,86	0,56
11,89	0,56
11,91	0,56
11,94	0,56
11,96	0,55
11,99	0,54
12,01	0,55
12,03	0,55
12,06	0,58
12,08	0,58
12,11	0,58
12,13	0,59
12,16	0,59
12,18	0,60
12,21	0,60
12,23	0,57
12,25	0,58
12,28	0,57
12,30	0,57
12,33	0,58
12,35	0,58
12,38	0,57
12,40	0,58
12,42	0,57
12,45	0,59
12,47	0,57
12,50	0,57
12,52	0,57
12,55	0,57
12,57	0,57
12,60	0,60
12,62	0,59
12,64	0,63
12,67	0,64
12,69	0,64
12,72	0,66
12,74	0,67
12,77	0,66
12,79	0,68
12,82	0,65
12,84	0,63
12,86	0,62
12,89	0,62
12,91	0,60
12,94	0,60
12,96	0,58
12,99	0,62
13,01	0,63
13,04	0,64
13,06	0,60
13,08	0,60
13,11	0,60
13,13	0,62
13,16	0,58
13,18	0,61
13,21	0,58
13,23	0,61
13,26	0,63
13,28	0,64
13,30	0,61
13,33	0,64
13,35	0,62
13,38	0,64
13,40	0,64
13,43	0,62
13,45	0,64
13,47	0,65
13,50	0,64
13,52	0,66
13,55	0,66
13,57	0,67
13,60	0,67
13,62	0,66
13,65	0,68
13,67	0,69
13,69	0,67
13,72	0,68
13,74	0,67
13,77	0,67
13,79	0,67
13,82	0,66
13,84	0,65
13,87	0,64
13,89	0,64
13,91	0,65
13,94	0,66
13,96	0,65
13,99	0,69
14,01	0,69
14,04	0,69
14,06	0,70
14,09	0,70
14,11	0,70
14,13	0,70
14,16	0,66
14,18	0,67
14,21	0,66
14,23	0,67
14,26	0,70
14,28	0,72
14,31	0,72
14,33	0,74
14,35	0,72
14,38	0,75
14,40	0,76
14,43	0,75
14,45	0,74
14,48	0,74
14,50	0,73
14,52	0,76
14,55	0,76
14,57	0,75
14,60	0,72
14,62	0,74
14,65	0,75
14,67	0,75
14,70	0,72
14,72	0,73
14,74	0,73
14,77	0,74
14,79	0,72
14,82	0,72
14,84	0,72
14,87	0,75
14,89	0,74
14,92	0,76
14,94	0,75
14,96	0,76
14,99	0,79
15,01	0,78
15,04	0,76
15,06	0,75
15,09	0,72
15,11	0,75
15,14	0,75
15,16	0,74
15,18	0,75
15,21	0,75
15,23	0,75
15,26	0,78
15,28	0,76
15,31	0,75
15,33	0,73
15,36	0,73
15,38	0,76
15,40	0,76
15,43	0,76
15,45	0,78
15,48	0,78
15,50	0,79
15,53	0,80
15,55	0,80
15,57	0,80
15,60	0,79
15,62	0,77
15,65	0,78
15,67	0,78
15,70	0,78
15,72	0,80
15,75	0,80
15,77	0,81
15,79	0,82
15,82	0,82
15,84	0,83
15,87	0,83
15,89	0,79
15,92	0,79
15,94	0,76
15,97	0,77
15,99	0,77
16,01	0,77
16,04	0,76
16,06	0,77
16,09	0,74
16,11	0,79
16,14	0,79
16,16	0,79
16,19	0,77
16,21	0,79
16,23	0,77
16,26	0,83
16,28	0,81
16,31	0,83
16,33	0,83
16,36	0,84
16,38	0,85
16,41	0,88
16,43	0,83
16,45	0,84
16,48	0,81
16,50	0,80
16,53	0,80
16,55	0,80
16,58	0,82
16,60	0,84
16,63	0,82
16,65	0,83
16,67	0,81
16,70	0,81
16,72	0,78
16,75	0,77
16,77	0,77
16,80	0,78
16,82	0,76
16,84	0,80
16,87	0,80
16,89	0,83
16,92	0,85
16,94	0,86
16,97	0,87
16,99	0,88
17,02	0,87
17,04	0,88
17,06	0,87
17,09	0,84
17,11	0,84
17,14	0,83
17,16	0,84
17,19	0,85
17,21	0,85
17,24	0,86
17,26	0,86
17,28	0,86
17,31	0,89
17,33	0,88
17,36	0,89
17,38	0,89
17,41	0,86
17,43	0,87
17,46	0,88
17,48	0,85
17,50	0,86
17,53	0,86
17,55	0,87
17,58	0,90
17,60	0,89
17,63	0,88
17,65	0,92
17,68	0,91
17,70	0,92
17,72	0,90
17,75	0,91
17,77	0,91
17,80	0,92
17,82	0,89
17,85	0,91
17,87	0,89
17,89	0,90
17,92	0,91
17,94	0,94
17,97	0,94
17,99	0,96
18,02	0,97
18,04	1,02
18,07	1,03
18,09	1,03
18,11	1,00
18,14	0,98
18,16	0,98
18,19	0,99
18,21	0,96
18,24	0,98
18,26	0,96
18,29	0,99
18,31	1,00
18,33	0,99
18,36	0,96
18,38	0,98
18,41	0,95
18,43	0,97
18,46	0,96
18,48	0,95
18,51	0,96
18,53	0,99
18,55	0,97
18,58	0,99
18,60	0,97
18,63	0,98
18,65	0,99
18,68	1,00
18,70	0,99
18,73	1,01
18,75	0,99
18,77	1,05
18,80	1,05
18,82	1,05
18,85	1,05
18,87	1,05
18,90	1,04
18,92	1,05
18,94	1,02
18,97	1,03
18,99	1,01
19,02	1,01
19,04	1,04
19,07	1,04
19,09	1,04
19,12	1,05
19,14	1,05
19,16	1,07
19,19	1,07
19,21	1,07
19,24	1,07
19,26	1,06
19,29	1,04
19,31	1,04
19,34	1,03
19,36	1,03
19,38	1,04
19,41	1,05
19,43	1,06
19,46	1,06
19,48	1,06
19,51	1,10
19,53	1,11
19,56	1,11
19,58	1,11
19,60	1,08
19,63	1,11
19,65	1,10
19,68	1,06
19,70	1,07
19,73	1,05
19,75	1,02
19,78	1,05
19,80	1,02
19,82	1,02
19,85	1,02
19,87	1,02
19,90	1,04
19,92	1,08
19,95	1,06
19,97	1,08
19,99	1,09
20,02	1,09
20,04	1,09
20,07	1,07
20,09	1,07
20,12	1,12
20,14	1,09
20,17	1,09
20,19	1,09
20,21	1,10
20,24	1,13
20,26	1,12
20,29	1,09
20,31	1,11
20,34	1,09
20,36	1,10
20,39	1,09
20,41	1,07
20,43	1,07
20,46	1,07
20,48	1,06
20,51	1,09
20,53	1,08
20,56	1,08
20,58	1,09
20,61	1,09
20,63	1,10
20,65	1,11
20,68	1,08
20,70	1,09
20,73	1,09
20,75	1,09
20,78	1,09
20,80	1,07
20,83	1,06
20,85	1,09
20,87	1,09
20,90	1,10
20,92	1,10
20,95	1,10
20,97	1,14
21,00	1,13
21,02	1,11
21,05	1,11
21,07	1,11
21,09	1,10
21,12	1,11
21,14	1,09
21,17	1,10
21,19	1,09
21,22	1,09
21,24	1,10
21,26	1,10
21,29	1,08
21,31	1,10
21,34	1,10
21,36	1,15
21,39	1,14
21,41	1,13
21,44	1,16
21,46	1,21
21,48	1,19
21,51	1,19
21,53	1,11
21,56	1,12
21,58	1,13
21,61	1,13
21,63	1,10
21,66	1,12
21,68	1,14
21,70	1,19
21,73	1,20
21,75	1,20
21,78	1,17
21,80	1,18
21,83	1,16
21,85	1,16
21,88	1,15
21,90	1,16
21,92	1,13
21,95	1,15
21,97	1,17
22,00	1,16
22,02	1,16
22,05	1,17
22,07	1,16
22,10	1,21
22,12	1,21
22,14	1,20
22,17	1,22
22,19	1,24
22,22	1,22
22,24	1,25
22,27	1,22
22,29	1,24
22,31	1,25
22,34	1,25
22,36	1,25
22,39	1,27
22,41	1,26
22,44	1,29
22,46	1,28
22,49	1,28
22,51	1,28
22,53	1,28
22,56	1,29
22,58	1,29
22,61	1,28
22,63	1,29
22,66	1,28
22,68	1,28
22,71	1,31
22,73	1,32
22,75	1,33
22,78	1,33
22,80	1,34
22,83	1,37
22,85	1,38
22,88	1,37
22,90	1,39
22,93	1,38
22,95	1,38
22,97	1,40
23,00	1,38
23,02	1,38
23,05	1,41
23,07	1,39
23,10	1,42
23,12	1,43
23,15	1,42
23,17	1,45
23,19	1,44
23,22	1,42
23,24	1,44
23,27	1,43
23,29	1,42
23,32	1,43
23,34	1,42
23,36	1,42
23,39	1,43
23,41	1,41
23,44	1,43
23,46	1,45
23,49	1,46
23,51	1,46
23,54	1,47
23,56	1,47
23,58	1,50
23,61	1,47
23,63	1,49
23,66	1,48
23,68	1,50
23,71	1,52
23,73	1,53
23,76	1,52
23,78	1,54
23,80	1,52
23,83	1,54
23,85	1,55
23,88	1,53
23,90	1,52
23,93	1,53
23,95	1,51
23,98	1,53
24,00	1,53
24,02	1,52
24,05	1,53
24,07	1,55
24,10	1,55
24,12	1,53
24,15	1,52
24,17	1,53
24,20	1,54
24,22	1,52
24,24	1,53
24,27	1,53
24,29	1,55
24,32	1,54
24,34	1,52
24,37	1,54
24,39	1,54
24,42	1,54
24,44	1,56
24,46	1,55
24,49	1,56
24,51	1,56
24,54	1,55
24,56	1,55
24,59	1,55
24,61	1,53
24,63	1,54
24,66	1,52
24,68	1,52
24,71	1,52
24,73	1,51
24,76	1,52
24,78	1,50
24,81	1,50
24,83	1,52
24,85	1,50
24,88	1,48
24,90	1,46
24,93	1,45
24,95	1,46
24,98	1,49
25,00	1,46
25,03	1,51
25,05	1,52
25,07	1,53
25,10	1,54
25,12	1,54
25,15	1,53
25,17	1,57
25,20	1,54
25,22	1,54
25,25	1,53
25,27	1,52
25,29	1,51
25,32	1,50
25,34	1,46
25,37	1,47
25,39	1,45
25,42	1,45
25,44	1,45
25,47	1,45
25,49	1,45
25,51	1,46
25,54	1,45
25,56	1,48
25,59	1,47
25,61	1,47
25,64	1,47
25,66	1,48
25,68	1,47
25,71	1,49
25,73	1,45
25,76	1,47
25,78	1,47
25,81	1,46
25,83	1,46
25,86	1,46
25,88	1,45
25,90	1,48
25,93	1,49
25,95	1,49
25,98	1,49
26,00	1,50
26,03	1,51
26,05	1,52
26,08	1,50
26,10	1,50
26,12	1,51
26,15	1,51
26,17	1,51
26,20	1,51
26,22	1,53
26,25	1,53
26,27	1,54
26,30	1,54
26,32	1,54
26,34	1,54
26,37	1,57
26,39	1,57
26,42	1,59
26,44	1,59
26,47	1,61
26,49	1,60
26,52	1,63
26,54	1,61
26,56	1,62
26,59	1,60
26,61	1,61
26,64	1,61
26,66	1,62
26,69	1,60
26,71	1,63
26,73	1,64
26,76	1,68
26,78	1,67
26,81	1,67
26,83	1,68
26,86	1,71
26,88	1,69
26,91	1,70
26,93	1,67
26,95	1,71
26,98	1,72
27,00	1,73
27,03	1,73
27,05	1,77
27,08	1,76
27,10	1,82
27,13	1,83
27,15	1,84
27,17	1,86
27,20	1,86
27,22	1,86
27,25	1,87
27,27	1,83
27,30	1,85
27,32	1,84
27,35	1,85
27,37	1,90
27,39	1,89
27,42	1,91
27,44	1,93
27,47	1,93
27,49	1,96
27,52	1,97
27,54	1,95
27,57	1,97
27,59	1,96
27,61	1,97
27,64	2,00
27,66	2,00
27,69	2,02
27,71	2,01
27,74	2,02
27,76	2,05
27,78	2,05
27,81	2,04
27,83	2,08
27,86	2,08
27,88	2,08
27,91	2,10
27,93	2,10
27,96	2,11
27,98	2,13
28,00	2,10
28,03	2,10
28,05	2,12
28,08	2,11
28,10	2,15
28,13	2,13
28,15	2,13
28,18	2,13
28,20	2,14
28,22	2,16
28,25	2,17
28,27	2,12
28,30	2,15
28,32	2,12
28,35	2,15
28,37	2,13
28,40	2,11
28,42	2,12
28,44	2,14
28,47	2,11
28,49	2,14
28,52	2,13
28,54	2,16
28,57	2,20
28,59	2,20
28,62	2,20
28,64	2,24
28,66	2,22
28,69	2,22
28,71	2,19
28,74	2,16
28,76	2,14
28,79	2,13
28,81	2,12
28,84	2,17
28,86	2,16
28,88	2,18
28,91	2,18
28,93	2,19
28,96	2,22
28,98	2,21
29,01	2,17
29,03	2,19
29,05	2,13
29,08	2,13
29,10	2,11
29,13	2,09
29,15	2,09
29,18	2,07
29,20	2,06
29,23	2,08
29,25	2,08
29,27	2,08
29,30	2,09
29,32	2,08
29,35	2,08
29,37	2,08
29,40	2,07
29,42	2,06
29,45	2,06
29,47	2,03
29,49	2,03
29,52	2,02
29,54	2,02
29,57	2,02
29,59	2,01
29,62	2,00
29,64	2,00
29,67	1,98
29,69	2,01
29,71	1,99
29,74	1,98
29,76	1,97
29,79	1,95
29,81	1,95
29,84	1,94
29,86	1,91
29,89	1,91
29,91	1,90
29,93	1,90
29,96	1,92
29,98	1,92
30,01	1,90
30,03	1,94
30,06	1,94
30,08	1,94
30,10	1,92
30,13	1,92
30,15	1,92
30,18	1,96
30,20	1,90
30,23	1,90
30,25	1,87
30,28	1,90
30,30	1,90
30,32	1,88
30,35	1,86
30,37	1,89
30,40	1,88
30,42	1,92
30,45	1,89
30,47	1,89
30,50	1,90
30,52	1,89
30,54	1,89
30,57	1,92
30,59	1,90
30,62	1,93
30,64	1,94
30,67	1,94
30,69	1,95
30,72	1,95
30,74	1,93
30,76	1,97
30,79	1,95
30,81	1,96
30,84	1,96
30,86	1,98
30,89	1,98
30,91	1,98
30,94	1,97
30,96	1,99
30,98	1,99
31,01	2,01
31,03	2,00
31,06	2,00
31,08	2,00
31,11	2,02
31,13	2,02
31,15	2,06
31,18	2,05
31,20	2,08
31,23	2,10
31,25	2,10
31,28	2,13
31,30	2,14
31,33	2,14
31,35	2,15
31,37	2,13
31,40	2,14
31,42	2,18
31,45	2,18
31,47	2,19
31,50	2,22
31,52	2,24
31,55	2,27
31,57	2,31
31,59	2,32
31,62	2,35
31,64	2,36
31,67	2,37
31,69	2,39
31,72	2,38
31,74	2,38
31,77	2,39
31,79	2,40
31,81	2,43
31,84	2,46
31,86	2,51
31,89	2,56
31,91	2,60
31,94	2,60
31,96	2,62
31,99	2,60
32,01	2,61
32,03	2,59
32,06	2,61
32,08	2,61
32,11	2,65
32,13	2,67
32,16	2,74
32,18	2,72
32,20	2,77
32,23	2,76
32,25	2,82
32,28	2,82
32,30	2,83
32,33	2,83
32,35	2,88
32,38	2,87
32,40	2,91
32,42	2,90
32,45	2,92
32,47	2,92
32,50	2,94
32,52	2,92
32,55	2,95
32,57	2,95
32,60	2,95
32,62	2,99
32,64	3,01
32,67	3,00
32,69	3,03
32,72	3,00
32,74	3,01
32,77	3,01
32,79	2,99
32,82	3,00
32,84	2,99
32,86	2,98
32,89	3,01
32,91	3,01
32,94	3,02
32,96	3,02
32,99	3,02
33,01	3,03
33,04	3,03
33,06	3,02
33,08	3,02
33,11	3,02
33,13	3,00
33,16	3,01
33,18	2,98
33,21	2,99
33,23	2,98
33,26	2,98
33,28	2,98
33,30	2,99
33,33	2,96
33,35	3,00
33,38	2,98
33,40	2,98
33,43	2,96
33,45	2,95
33,47	2,92
33,50	2,93
33,52	2,91
33,55	2,91
33,57	2,88
33,60	2,90
33,62	2,87
33,65	2,88
33,67	2,86
33,69	2,82
33,72	2,80
33,74	2,83
33,77	2,78
33,79	2,78
33,82	2,75
33,84	2,75
33,87	2,75
33,89	2,78
33,91	2,73
33,94	2,76
33,96	2,75
33,99	2,76
34,01	2,75
34,04	2,74
34,06	2,70
34,09	2,74
34,11	2,69
34,13	2,67
34,16	2,67
34,18	2,65
34,21	2,63
34,23	2,62
34,26	2,58
34,28	2,59
34,31	2,56
34,33	2,54
34,35	2,53
34,38	2,52
34,40	2,51
34,43	2,50
34,45	2,46
34,48	2,47
34,50	2,45
34,52	2,45
34,55	2,45
34,57	2,45
34,60	2,42
34,62	2,44
34,65	2,42
34,67	2,41
34,70	2,40
34,72	2,38
34,74	2,39
34,77	2,40
34,79	2,38
34,82	2,41
34,84	2,41
34,87	2,41
34,89	2,41
34,92	2,39
34,94	2,39
34,96	2,38
34,99	2,36
35,01	2,36
35,04	2,33
35,06	2,32
35,09	2,33
35,11	2,34
35,14	2,34
35,16	2,35
35,18	2,35
35,21	2,37
35,23	2,40
35,26	2,38
35,28	2,42
35,31	2,39
35,33	2,40
35,36	2,41
35,38	2,42
35,40	2,41
35,43	2,44
35,45	2,40
35,48	2,44
35,50	2,43
35,53	2,45
35,55	2,45
35,57	2,47
35,60	2,44
35,62	2,47
35,65	2,47
35,67	2,50
35,70	2,48
35,72	2,51
35,75	2,51
35,77	2,52
35,79	2,52
35,82	2,58
35,84	2,60
35,87	2,63
35,89	2,64
35,92	2,68
35,94	2,71
35,97	2,76
35,99	2,76
36,01	2,79
36,04	2,83
36,06	2,85
36,09	2,87
36,11	2,91
36,14	2,92
36,16	2,93
36,19	2,94
36,21	2,97
36,23	2,99
36,26	3,00
36,28	3,01
36,31	3,03
36,33	3,06
36,36	3,10
36,38	3,12
36,41	3,15
36,43	3,18
36,45	3,20
36,48	3,24
36,50	3,26
36,53	3,28
36,55	3,32
36,58	3,35
36,60	3,37
36,62	3,41
36,65	3,43
36,67	3,47
36,70	3,49
36,72	3,50
36,75	3,52
36,77	3,55
36,80	3,58
36,82	3,62
36,84	3,64
36,87	3,67
36,89	3,71
36,92	3,75
36,94	3,78
36,97	3,81
36,99	3,80
37,02	3,84
37,04	3,82
37,06	3,84
37,09	3,84
37,11	3,84
37,14	3,85
37,16	3,89
37,19	3,87
37,21	3,92
37,24	3,89
37,26	3,93
37,28	3,96
37,31	3,99
37,33	3,98
37,36	4,03
37,38	4,03
37,41	4,07
37,43	4,06
37,46	4,06
37,48	4,05
37,50	4,06
37,53	4,04
37,55	4,09
37,58	4,09
37,60	4,09
37,63	4,09
37,65	4,11
37,68	4,10
37,70	4,12
37,72	4,08
37,75	4,11
37,77	4,08
37,80	4,07
37,82	4,06
37,85	4,06
37,87	4,04
37,89	4,05
37,92	4,02
37,94	4,03
37,97	3,99
37,99	3,98
38,02	3,99
38,04	3,98
38,07	3,96
38,09	3,96
38,11	3,95
38,14	3,96
38,16	3,95
38,19	3,91
38,21	3,90
38,24	3,87
38,26	3,84
38,29	3,84
38,31	3,82
38,33	3,80
38,36	3,79
38,38	3,76
38,41	3,76
38,43	3,73
38,46	3,69
38,48	3,67
38,51	3,63
38,53	3,60
38,55	3,59
38,58	3,55
38,60	3,54
38,63	3,51
38,65	3,51
38,68	3,50
38,70	3,47
38,73	3,44
38,75	3,44
38,77	3,41
38,80	3,42
38,82	3,40
38,85	3,39
38,87	3,37
38,90	3,34
38,92	3,30
38,94	3,29
38,97	3,24
38,99	3,23
39,02	3,22
39,04	3,22
39,07	3,22
39,09	3,21
39,12	3,18
39,14	3,18
39,16	3,13
39,19	3,09
39,21	3,07
39,24	3,02
39,26	2,99
39,29	3,02
39,31	3,00
39,34	3,00
39,36	3,00
39,38	3,00
39,41	3,01
39,43	3,04
39,46	2,99
39,48	3,00
39,51	2,98
39,53	2,96
39,56	2,95
39,58	2,94
39,60	2,91
39,63	2,92
39,65	2,87
39,68	2,88
39,70	2,87
39,73	2,88
39,75	2,89
39,78	2,90
39,80	2,90
39,82	2,93
39,85	2,93
39,87	2,95
39,90	2,95
39,92	2,93
39,95	2,94
39,97	2,93
39,99	2,94
40,02	2,94
40,04	2,94
40,07	2,95
40,09	2,95
40,12	2,95
40,14	2,98
40,17	2,98
40,19	3,01
40,21	3,04
40,24	3,05
40,26	3,07
40,29	3,11
40,31	3,11
40,34	3,13
40,36	3,15
40,39	3,15
40,41	3,17
40,43	3,18
40,46	3,18
40,48	3,25
40,51	3,29
40,53	3,31
40,56	3,35
40,58	3,41
40,61	3,45
40,63	3,50
40,65	3,49
40,68	3,52
40,70	3,53
40,73	3,56
40,75	3,55
40,78	3,59
40,80	3,61
40,83	3,63
40,85	3,63
40,87	3,69
40,90	3,72
40,92	3,76
40,95	3,81
40,97	3,85
41,00	3,89
41,02	3,95
41,05	3,98
41,07	4,03
41,09	4,06
41,12	4,08
41,14	4,10
41,17	4,14
41,19	4,17
41,22	4,24
41,24	4,27
41,26	4,31
41,29	4,34
41,31	4,39
41,34	4,42
41,36	4,47
41,39	4,49
41,41	4,54
41,44	4,57
41,46	4,61
41,48	4,65
41,51	4,69
41,53	4,73
41,56	4,76
41,58	4,78
41,61	4,83
41,63	4,86
41,66	4,89
41,68	4,94
41,70	4,97
41,73	5,02
41,75	5,04
41,78	5,08
41,80	5,10
41,83	5,14
41,85	5,14
41,88	5,17
41,90	5,17
41,92	5,18
41,95	5,22
41,97	5,25
42,00	5,26
42,02	5,30
42,05	5,31
42,07	5,35
42,10	5,35
42,12	5,36
42,14	5,37
42,17	5,39
42,19	5,39
42,22	5,40
42,24	5,37
42,27	5,41
42,29	5,39
42,31	5,38
42,34	5,36
42,36	5,37
42,39	5,34
42,41	5,36
42,44	5,32
42,46	5,31
42,49	5,28
42,51	5,28
42,53	5,24
42,56	5,27
42,58	5,20
42,61	5,20
42,63	5,19
42,66	5,18
42,68	5,19
42,71	5,19
42,73	5,14
42,75	5,17
42,78	5,14
42,80	5,15
42,83	5,14
42,85	5,11
42,88	5,07
42,90	5,06
42,93	5,02
42,95	5,02
42,97	4,97
43,00	4,95
43,02	4,91
43,05	4,89
43,07	4,88
43,10	4,87
43,12	4,83
43,15	4,81
43,17	4,76
43,19	4,74
43,22	4,71
43,24	4,68
43,27	4,62
43,29	4,59
43,32	4,54
43,34	4,53
43,36	4,49
43,39	4,45
43,41	4,43
43,44	4,41
43,46	4,37
43,49	4,34
43,51	4,29
43,54	4,28
43,56	4,25
43,58	4,20
43,61	4,18
43,63	4,12
43,66	4,09
43,68	4,08
43,71	4,04
43,73	4,00
43,76	3,97
43,78	3,93
43,80	3,95
43,83	3,91
43,85	3,88
43,88	3,88
43,90	3,87
43,93	3,88
43,95	3,89
43,98	3,86
44,00	3,86
44,02	3,81
44,05	3,77
44,07	3,75
44,10	3,72
44,12	3,67
44,15	3,66
44,17	3,63
44,20	3,64
44,22	3,60
44,24	3,58
44,27	3,57
44,29	3,56
44,32	3,54
44,34	3,56
44,37	3,52
44,39	3,53
44,41	3,52
44,44	3,50
44,46	3,48
44,49	3,51
44,51	3,47
44,54	3,50
44,56	3,50
44,59	3,51
44,61	3,54
44,63	3,55
44,66	3,54
44,68	3,56
44,71	3,55
44,73	3,57
44,76	3,58
44,78	3,60
44,81	3,61
44,83	3,60
44,85	3,61
44,88	3,64
44,90	3,64
44,93	3,67
44,95	3,68
44,98	3,70
45,00	3,74
45,03	3,76
45,05	3,77
45,07	3,81
45,10	3,81
45,12	3,82
45,15	3,85
45,17	3,86
45,20	3,91
45,22	3,94
45,25	3,96
45,27	4,02
45,29	4,05
45,32	4,08
45,34	4,15
45,37	4,16
45,39	4,21
45,42	4,24
45,44	4,28
45,47	4,31
45,49	4,37
45,51	4,38
45,54	4,46
45,56	4,48
45,59	4,54
45,61	4,56
45,64	4,61
45,66	4,63
45,68	4,69
45,71	4,70
45,73	4,80
45,76	4,81
45,78	4,88
45,81	4,94
45,83	5,00
45,86	5,04
45,88	5,08
45,90	5,11
45,93	5,18
45,95	5,20
45,98	5,26
46,00	5,29
46,03	5,35
46,05	5,39
46,08	5,46
46,10	5,52
46,12	5,60
46,15	5,64
46,17	5,71
46,20	5,76
46,22	5,83
46,25	5,84
46,27	5,91
46,30	5,93
46,32	5,99
46,34	6,03
46,37	6,09
46,39	6,11
46,42	6,19
46,44	6,21
46,47	6,30
46,49	6,33
46,52	6,37
46,54	6,39
46,56	6,43
46,59	6,47
46,61	6,50
46,64	6,51
46,66	6,55
46,69	6,58
46,71	6,62
46,73	6,67
46,76	6,69
46,78	6,72
46,81	6,76
46,83	6,77
46,86	6,81
46,88	6,82
46,91	6,84
46,93	6,85
46,95	6,86
46,98	6,85
47,00	6,88
47,03	6,87
47,05	6,88
47,08	6,89
47,10	6,88
47,13	6,88
47,15	6,87
47,17	6,86
47,20	6,88
47,22	6,88
47,25	6,84
47,27	6,84
47,30	6,80
47,32	6,82
47,35	6,79
47,37	6,75
47,39	6,72
47,42	6,72
47,44	6,68
47,47	6,68
47,49	6,63
47,52	6,60
47,54	6,58
47,57	6,54
47,59	6,50
47,61	6,48
47,64	6,45
47,66	6,39
47,69	6,35
47,71	6,30
47,74	6,26
47,76	6,21
47,78	6,18
47,81	6,17
47,83	6,14
47,86	6,12
47,88	6,09
47,91	6,06
47,93	6,05
47,96	6,00
47,98	5,92
48,00	5,91
48,03	5,85
48,05	5,80
48,08	5,73
48,10	5,67
48,13	5,63
48,15	5,59
48,18	5,52
48,20	5,51
48,22	5,45
48,25	5,43
48,27	5,38
48,30	5,33
48,32	5,28
48,35	5,23
48,37	5,16
48,40	5,13
48,42	5,06
48,44	5,02
48,47	4,99
48,49	4,94
48,52	4,90
48,54	4,87
48,57	4,83
48,59	4,82
48,62	4,78
48,64	4,74
48,66	4,74
48,69	4,70
48,71	4,67
48,74	4,64
48,76	4,61
48,79	4,58
48,81	4,56
48,84	4,52
48,86	4,52
48,88	4,47
48,91	4,44
48,93	4,41
48,96	4,39
48,98	4,38
49,01	4,35
49,03	4,32
49,05	4,34
49,08	4,33
49,10	4,32
49,13	4,33
49,15	4,31
49,18	4,32
49,20	4,32
49,23	4,31
49,25	4,32
49,27	4,32
49,30	4,30
49,32	4,31
49,35	4,30
49,37	4,29
49,40	4,32
49,42	4,30
49,45	4,31
49,47	4,34
49,49	4,34
49,52	4,38
49,54	4,42
49,57	4,42
49,59	4,47
49,62	4,45
49,64	4,46
49,67	4,47
49,69	4,48
49,71	4,49
49,74	4,51
49,76	4,51
49,79	4,58
49,81	4,62
49,84	4,66
49,86	4,71
49,89	4,76
49,91	4,78
49,93	4,82
49,96	4,83
49,98	4,85
50,01	4,87
50,03	4,89
50,06	4,90
50,08	4,95
50,10	4,99
50,13	5,07
50,15	5,12
50,18	5,19
50,20	5,22
50,23	5,27
50,25	5,33
50,28	5,36
50,30	5,39
50,32	5,46
50,35	5,48
50,37	5,56
50,40	5,62
50,42	5,67
50,45	5,75
50,47	5,81
50,50	5,85
50,52	5,94
50,54	5,98
50,57	6,04
50,59	6,12
50,62	6,16
50,64	6,24
50,67	6,32
50,69	6,38
50,72	6,44
50,74	6,52
50,76	6,56
50,79	6,64
50,81	6,69
50,84	6,75
50,86	6,81
50,89	6,88
50,91	6,94
50,94	7,01
50,96	7,05
50,98	7,14
51,01	7,17
51,03	7,22
51,06	7,29
51,08	7,35
51,11	7,41
51,13	7,49
51,15	7,51
51,18	7,58
51,20	7,63
51,23	7,69
51,25	7,74
51,28	7,80
51,30	7,83
51,33	7,91
51,35	7,99
51,37	8,05
51,40	8,07
51,42	8,11
51,45	8,14
51,47	8,19
51,50	8,21
51,52	8,25
51,55	8,23
51,57	8,29
51,59	8,32
51,62	8,36
51,64	8,36
51,67	8,40
51,69	8,42
51,72	8,50
51,74	8,51
51,77	8,53
51,79	8,46
51,81	8,49
51,84	8,48
51,86	8,48
51,89	8,47
51,91	8,47
51,94	8,45
51,96	8,53
51,99	8,56
52,01	8,55
52,03	8,55
52,06	8,55
52,08	8,53
52,11	8,53
52,13	8,51
52,16	8,48
52,18	8,46
52,20	8,44
52,23	8,39
52,25	8,37
52,28	8,32
52,30	8,30
52,33	8,27
52,35	8,22
52,38	8,18
52,40	8,15
52,42	8,10
52,45	8,10
52,47	8,04
52,50	7,98
52,52	7,93
52,55	7,86
52,57	7,80
52,60	7,75
52,62	7,68
52,64	7,64
52,67	7,58
52,69	7,53
52,72	7,49
52,74	7,44
52,77	7,38
52,79	7,34
52,82	7,27
52,84	7,25
52,86	7,18
52,89	7,11
52,91	7,05
52,94	6,99
52,96	6,91
52,99	6,85
53,01	6,75
53,04	6,69
53,06	6,66
53,08	6,59
53,11	6,55
53,13	6,49
53,16	6,43
53,18	6,41
53,21	6,37
53,23	6,30
53,26	6,28
53,28	6,17
53,30	6,11
53,33	6,07
53,35	6,02
53,38	5,98
53,40	5,93
53,43	5,86
53,45	5,86
53,47	5,84
53,50	5,80
53,52	5,74
53,55	5,71
53,57	5,66
53,60	5,63
53,62	5,58
53,65	5,54
53,67	5,50
53,69	5,48
53,72	5,45
53,74	5,41
53,77	5,38
53,79	5,36
53,82	5,34
53,84	5,32
53,87	5,30
53,89	5,26
53,91	5,28
53,94	5,27
53,96	5,26
53,99	5,26
54,01	5,25
54,04	5,25
54,06	5,25
54,09	5,22
54,11	5,22
54,13	5,21
54,16	5,20
54,18	5,21
54,21	5,21
54,23	5,21
54,26	5,24
54,28	5,25
54,31	5,28
54,33	5,30
54,35	5,32
54,38	5,33
54,40	5,35
54,43	5,36
54,45	5,39
54,48	5,38
54,50	5,41
54,52	5,43
54,55	5,46
54,57	5,51
54,60	5,54
54,62	5,56
54,65	5,64
54,67	5,69
54,70	5,78
54,72	5,82
54,74	5,86
54,77	5,92
54,79	5,97
54,82	5,98
54,84	6,04
54,87	6,06
54,89	6,13
54,92	6,18
54,94	6,23
54,96	6,30
54,99	6,39
55,01	6,40
55,04	6,47
55,06	6,51
55,09	6,59
55,11	6,64
55,14	6,70
55,16	6,74
55,18	6,84
55,21	6,87
55,23	6,94
55,26	7,01
55,28	7,09
55,31	7,17
55,33	7,26
55,36	7,32
55,38	7,44
55,40	7,52
55,43	7,58
55,45	7,64
55,48	7,71
55,50	7,77
55,53	7,85
55,55	7,90
55,57	7,98
55,60	8,03
55,62	8,11
55,65	8,20
55,67	8,29
55,70	8,38
55,72	8,46
55,75	8,55
55,77	8,65
55,79	8,73
55,82	8,78
55,84	8,85
55,87	8,90
55,89	8,97
55,92	9,05
55,94	9,12
55,97	9,19
55,99	9,28
56,01	9,33
56,04	9,42
56,06	9,49
56,09	9,55
56,11	9,63
56,14	9,69
56,16	9,71
56,19	9,79
56,21	9,83
56,23	9,89
56,26	9,93
56,28	9,95
56,31	10,01
56,33	10,06
56,36	10,08
56,38	10,11
56,41	10,16
56,43	10,21
56,45	10,24
56,48	10,28
56,50	10,30
56,53	10,35
56,55	10,37
56,58	10,39
56,60	10,38
56,62	10,41
56,65	10,41
56,67	10,41
56,70	10,38
56,72	10,40
56,75	10,39
56,77	10,40
56,80	10,41
56,82	10,41
56,84	10,41
56,87	10,42
56,89	10,40
56,92	10,40
56,94	10,37
56,97	10,36
56,99	10,32
57,02	10,30
57,04	10,30
57,06	10,24
57,09	10,22
57,11	10,19
57,14	10,14
57,16	10,11
57,19	10,07
57,21	10,02
57,24	10,00
57,26	9,95
57,28	9,89
57,31	9,85
57,33	9,80
57,36	9,75
57,38	9,71
57,41	9,65
57,43	9,58
57,46	9,52
57,48	9,44
57,50	9,39
57,53	9,32
57,55	9,24
57,58	9,18
57,60	9,11
57,63	9,04
57,65	8,99
57,68	8,90
57,70	8,84
57,72	8,76
57,75	8,68
57,77	8,60
57,80	8,50
57,82	8,42
57,85	8,36
57,87	8,29
57,89	8,21
57,92	8,17
57,94	8,10
57,97	8,07
57,99	8,01
58,02	7,94
58,04	7,87
58,07	7,82
58,09	7,73
58,11	7,71
58,14	7,65
58,16	7,59
58,19	7,54
58,21	7,52
58,24	7,46
58,26	7,42
58,29	7,33
58,31	7,26
58,33	7,19
58,36	7,14
58,38	7,09
58,41	7,05
58,43	6,99
58,46	6,98
58,48	6,93
58,51	6,90
58,53	6,85
58,55	6,79
58,58	6,77
58,60	6,73
58,63	6,65
58,65	6,64
58,68	6,61
58,70	6,59
58,73	6,56
58,75	6,54
58,77	6,52
58,80	6,52
58,82	6,49
58,85	6,52
58,87	6,51
58,90	6,52
58,92	6,51
58,94	6,50
58,97	6,51
58,99	6,51
59,02	6,49
59,04	6,49
59,07	6,48
59,09	6,50
59,12	6,51
59,14	6,51
59,16	6,53
59,19	6,55
59,21	6,56
59,24	6,59
59,26	6,60
59,29	6,62
59,31	6,67
59,34	6,70
59,36	6,73
59,38	6,77
59,41	6,80
59,43	6,84
59,46	6,89
59,48	6,92
59,51	6,97
59,53	7,01
59,56	7,06
59,58	7,12
59,60	7,18
59,63	7,23
59,65	7,28
59,68	7,33
59,70	7,42
59,73	7,46
59,75	7,55
59,78	7,60
59,80	7,67
59,82	7,76
59,85	7,83
59,87	7,90
59,90	7,99
59,92	8,01
59,95	8,07
59,97	8,11
59,99	8,12
