Voltage U1	Corriente IA
U1/V	IA/nA

0,02	0,43
0,04	0,45
0,07	0,48
0,09	0,54
0,12	0,57
0,14	0,55
0,17	0,58
0,19	0,51
0,21	0,51
0,24	0,50
0,26	0,48
0,29	0,46
0,31	0,46
0,34	0,44
0,36	0,50
0,39	0,49
0,41	0,49
0,43	0,50
0,46	0,51
0,48	0,52
0,51	0,53
0,53	0,51
0,56	0,53
0,58	0,52
0,61	0,49
0,63	0,49
0,65	0,49
0,68	0,47
0,70	0,48
0,73	0,46
0,75	0,48
0,78	0,48
0,80	0,48
0,83	0,49
0,85	0,51
0,87	0,50
0,90	0,51
0,92	0,47
0,95	0,48
0,97	0,48
1,00	0,48
1,02	0,48
1,05	0,47
1,07	0,47
1,09	0,50
1,12	0,50
1,14	0,50
1,17	0,52
1,19	0,52
1,22	0,54
1,24	0,53
1,26	0,53
1,29	0,52
1,31	0,53
1,34	0,51
1,36	0,52
1,39	0,51
1,41	0,51
1,44	0,52
1,46	0,55
1,48	0,56
1,51	0,58
1,53	0,55
1,56	0,57
1,58	0,56
1,61	0,54
1,63	0,52
1,66	0,51
1,68	0,49
1,70	0,51
1,73	0,50
1,75	0,54
1,78	0,51
1,80	0,53
1,83	0,51
1,85	0,51
1,88	0,49
1,90	0,52
1,92	0,46
1,95	0,51
1,97	0,47
2,00	0,51
2,02	0,50
2,05	0,52
2,07	0,50
2,10	0,53
2,12	0,50
2,14	0,54
2,17	0,52
2,19	0,51
2,22	0,50
2,24	0,50
2,27	0,48
2,29	0,53
2,31	0,49
2,34	0,50
2,36	0,49
2,39	0,49
2,41	0,47
2,44	0,48
2,46	0,46
2,49	0,48
2,51	0,46
2,53	0,47
2,56	0,49
2,58	0,49
2,61	0,48
2,63	0,50
2,66	0,48
2,68	0,51
2,71	0,50
2,73	0,50
2,75	0,50
2,78	0,51
2,80	0,49
2,83	0,51
2,85	0,49
2,88	0,50
2,90	0,50
2,93	0,48
2,95	0,48
2,97	0,48
3,00	0,47
3,02	0,51
3,05	0,50
3,07	0,50
3,10	0,51
3,12	0,48
3,15	0,49
3,17	0,49
3,19	0,49
3,22	0,50
3,24	0,49
3,27	0,47
3,29	0,49
3,32	0,48
3,34	0,50
3,36	0,49
3,39	0,48
3,41	0,47
3,44	0,50
3,46	0,49
3,49	0,51
3,51	0,48
3,54	0,47
3,56	0,50
3,58	0,52
3,61	0,53
3,63	0,54
3,66	0,50
3,68	0,50
3,71	0,48
3,73	0,47
3,76	0,49
3,78	0,50
3,80	0,47
3,83	0,49
3,85	0,49
3,88	0,51
3,90	0,50
3,93	0,48
3,95	0,45
3,98	0,45
4,00	0,44
4,02	0,46
4,05	0,45
4,07	0,45
4,10	0,44
4,12	0,47
4,15	0,49
4,17	0,50
4,20	0,48
4,22	0,50
4,24	0,50
4,27	0,52
4,29	0,52
4,32	0,49
4,34	0,49
4,37	0,50
4,39	0,49
4,42	0,51
4,44	0,49
4,46	0,49
4,49	0,51
4,51	0,52
4,54	0,51
4,56	0,52
4,59	0,51
4,61	0,51
4,63	0,51
4,66	0,50
4,68	0,50
4,71	0,49
4,73	0,50
4,76	0,50
4,78	0,49
4,81	0,50
4,83	0,51
4,85	0,51
4,88	0,53
4,90	0,51
4,93	0,51
4,95	0,50
4,98	0,50
5,00	0,48
5,03	0,49
5,05	0,45
5,07	0,46
5,10	0,46
5,12	0,49
5,15	0,50
5,17	0,51
5,20	0,47
5,22	0,52
5,25	0,49
5,27	0,50
5,29	0,46
5,32	0,47
5,34	0,46
5,37	0,48
5,39	0,45
5,42	0,50
5,44	0,44
5,47	0,46
5,49	0,44
5,51	0,43
5,54	0,44
5,56	0,46
5,59	0,44
5,61	0,50
5,64	0,51
5,66	0,53
5,68	0,53
5,71	0,54
5,73	0,53
5,76	0,55
5,78	0,50
5,81	0,51
5,83	0,48
5,86	0,49
5,88	0,49
5,90	0,50
5,93	0,47
5,95	0,52
5,98	0,50
6,00	0,50
6,03	0,50
6,05	0,49
6,08	0,48
6,10	0,50
6,12	0,48
6,15	0,49
6,17	0,47
6,20	0,47
6,22	0,48
6,25	0,49
6,27	0,47
6,30	0,48
6,32	0,47
6,34	0,50
6,37	0,50
6,39	0,48
6,42	0,49
6,44	0,50
6,47	0,48
6,49	0,51
6,52	0,49
6,54	0,49
6,56	0,51
6,59	0,49
6,61	0,50
6,64	0,52
6,66	0,50
6,69	0,52
6,71	0,52
6,73	0,52
6,76	0,53
6,78	0,52
6,81	0,52
6,83	0,51
6,86	0,50
6,88	0,50
6,91	0,48
6,93	0,45
6,95	0,45
6,98	0,44
7,00	0,45
7,03	0,47
7,05	0,47
7,08	0,48
7,10	0,53
7,13	0,52
7,15	0,53
7,17	0,51
7,20	0,51
7,22	0,50
7,25	0,50
7,27	0,47
7,30	0,48
7,32	0,47
7,35	0,50
7,37	0,48
7,39	0,48
7,42	0,47
7,44	0,48
7,47	0,48
7,49	0,46
7,52	0,46
7,54	0,50
7,57	0,49
7,59	0,50
7,61	0,50
7,64	0,49
7,66	0,49
7,69	0,51
7,71	0,47
7,74	0,48
7,76	0,47
7,78	0,47
7,81	0,49
7,83	0,50
7,86	0,47
7,88	0,50
7,91	0,49
7,93	0,52
7,96	0,54
7,98	0,53
8,00	0,52
8,03	0,54
8,05	0,52
8,08	0,53
8,10	0,51
8,13	0,48
8,15	0,49
8,18	0,49
8,20	0,48
8,22	0,49
8,25	0,48
8,27	0,48
8,30	0,50
8,32	0,50
8,35	0,51
8,37	0,50
8,40	0,49
8,42	0,49
8,44	0,50
8,47	0,48
8,49	0,51
8,52	0,49
8,54	0,52
8,57	0,51
8,59	0,50
8,62	0,50
8,64	0,53
8,66	0,50
8,69	0,55
8,71	0,52
8,74	0,54
8,76	0,51
8,79	0,53
8,81	0,51
8,84	0,53
8,86	0,50
8,88	0,54
8,91	0,52
8,93	0,53
8,96	0,49
8,98	0,50
9,01	0,46
9,03	0,47
9,05	0,44
9,08	0,48
9,10	0,47
9,13	0,51
9,15	0,52
9,18	0,57
9,20	0,54
9,23	0,56
9,25	0,53
9,27	0,55
9,30	0,53
9,32	0,52
9,35	0,49
9,37	0,50
9,40	0,47
9,42	0,51
9,45	0,50
9,47	0,51
9,49	0,52
9,52	0,53
9,54	0,53
9,57	0,55
9,59	0,51
9,62	0,54
9,64	0,52
9,67	0,52
9,69	0,52
9,71	0,51
9,74	0,50
9,76	0,51
9,79	0,49
9,81	0,51
9,84	0,50
9,86	0,51
9,89	0,53
9,91	0,53
9,93	0,53
9,96	0,55
9,98	0,55
10,01	0,55
10,03	0,56
10,06	0,53
10,08	0,54
10,10	0,53
10,13	0,51
10,15	0,53
10,18	0,54
10,20	0,54
10,23	0,56
10,25	0,53
10,28	0,57
10,30	0,55
10,32	0,56
10,35	0,55
10,37	0,53
10,40	0,50
10,42	0,52
10,45	0,51
10,47	0,56
10,50	0,54
10,52	0,56
10,54	0,57
10,57	0,59
10,59	0,58
10,62	0,61
10,64	0,56
10,67	0,55
10,69	0,53
10,72	0,54
10,74	0,52
10,76	0,52
10,79	0,46
10,81	0,50
10,84	0,49
10,86	0,52
10,89	0,53
10,91	0,57
10,94	0,57
10,96	0,61
10,98	0,60
11,01	0,62
11,03	0,58
11,06	0,57
11,08	0,54
11,11	0,53
11,13	0,50
11,15	0,52
11,18	0,50
11,20	0,51
11,23	0,49
11,25	0,50
11,28	0,51
11,30	0,54
11,33	0,52
11,35	0,55
11,37	0,54
11,40	0,56
11,42	0,55
11,45	0,56
11,47	0,55
11,50	0,55
11,52	0,52
11,55	0,53
11,57	0,52
11,59	0,53
11,62	0,55
11,64	0,54
11,67	0,53
11,69	0,54
11,72	0,55
11,74	0,58
11,77	0,58
11,79	0,56
11,81	0,57
11,84	0,56
11,86	0,57
11,89	0,57
11,91	0,56
11,94	0,55
11,96	0,54
11,99	0,54
12,01	0,56
12,03	0,56
12,06	0,55
12,08	0,54
12,11	0,56
12,13	0,58
12,16	0,58
12,18	0,56
12,21	0,57
12,23	0,59
12,25	0,59
12,28	0,58
12,30	0,58
12,33	0,56
12,35	0,62
12,38	0,61
12,40	0,61
12,42	0,60
12,45	0,60
12,47	0,58
12,50	0,60
12,52	0,56
12,55	0,56
12,57	0,53
12,60	0,53
12,62	0,52
12,64	0,53
12,67	0,51
12,69	0,54
12,72	0,52
12,74	0,56
12,77	0,55
12,79	0,57
12,82	0,59
12,84	0,61
12,86	0,58
12,89	0,61
12,91	0,59
12,94	0,59
12,96	0,58
12,99	0,58
13,01	0,58
13,04	0,58
13,06	0,56
13,08	0,58
13,11	0,58
13,13	0,61
13,16	0,59
13,18	0,59
13,21	0,62
13,23	0,64
13,26	0,63
13,28	0,64
13,30	0,61
13,33	0,62
13,35	0,61
13,38	0,59
13,40	0,59
13,43	0,59
13,45	0,58
13,47	0,60
13,50	0,59
13,52	0,60
13,55	0,63
13,57	0,63
13,60	0,64
13,62	0,64
13,65	0,64
13,67	0,64
13,69	0,64
13,72	0,62
13,74	0,62
13,77	0,60
13,79	0,60
13,82	0,60
13,84	0,63
13,87	0,63
13,89	0,65
13,91	0,63
13,94	0,66
13,96	0,67
13,99	0,67
14,01	0,64
14,04	0,63
14,06	0,60
14,09	0,63
14,11	0,58
14,13	0,59
14,16	0,56
14,18	0,58
14,21	0,58
14,23	0,60
14,26	0,60
14,28	0,65
14,31	0,63
14,33	0,67
14,35	0,65
14,38	0,66
14,40	0,64
14,43	0,66
14,45	0,64
14,48	0,66
14,50	0,63
14,52	0,65
14,55	0,65
14,57	0,67
14,60	0,65
14,62	0,66
14,65	0,62
14,67	0,67
14,70	0,66
14,72	0,67
14,74	0,66
14,77	0,66
14,79	0,65
14,82	0,69
14,84	0,66
14,87	0,67
14,89	0,64
14,92	0,65
14,94	0,65
14,96	0,67
14,99	0,65
15,01	0,65
15,04	0,64
15,06	0,68
15,09	0,68
15,11	0,70
15,14	0,70
15,16	0,71
15,18	0,69
15,21	0,71
15,23	0,67
15,26	0,68
15,28	0,67
15,31	0,67
15,33	0,67
15,36	0,67
15,38	0,67
15,40	0,72
15,43	0,72
15,45	0,71
15,48	0,71
15,50	0,69
15,53	0,72
15,55	0,71
15,57	0,68
15,60	0,67
15,62	0,68
15,65	0,69
15,67	0,73
15,70	0,72
15,72	0,72
15,75	0,72
15,77	0,73
15,79	0,74
15,82	0,73
15,84	0,71
15,87	0,72
15,89	0,72
15,92	0,72
15,94	0,71
15,97	0,70
15,99	0,69
16,01	0,71
16,04	0,69
16,06	0,70
16,09	0,70
16,11	0,69
16,14	0,71
16,16	0,73
16,19	0,70
16,21	0,73
16,23	0,69
16,26	0,71
16,28	0,70
16,31	0,70
16,33	0,69
16,36	0,70
16,38	0,70
16,41	0,73
16,43	0,73
16,45	0,74
16,48	0,74
16,50	0,75
16,53	0,73
16,55	0,72
16,58	0,72
16,60	0,72
16,63	0,72
16,65	0,72
16,67	0,73
16,70	0,73
16,72	0,72
16,75	0,72
16,77	0,72
16,80	0,73
16,82	0,73
16,84	0,72
16,87	0,75
16,89	0,76
16,92	0,75
16,94	0,76
16,97	0,76
16,99	0,76
17,02	0,76
17,04	0,73
17,06	0,75
17,09	0,74
17,11	0,74
17,14	0,75
17,16	0,74
17,19	0,73
17,21	0,75
17,24	0,74
17,26	0,77
17,28	0,77
17,31	0,77
17,33	0,76
17,36	0,79
17,38	0,78
17,41	0,82
17,43	0,77
17,46	0,78
17,48	0,77
17,50	0,78
17,53	0,78
17,55	0,80
17,58	0,75
17,60	0,78
17,63	0,74
17,65	0,75
17,68	0,74
17,70	0,73
17,72	0,71
17,75	0,72
17,77	0,70
17,80	0,75
17,82	0,71
17,85	0,73
17,87	0,74
17,89	0,76
17,92	0,76
17,94	0,78
17,97	0,74
17,99	0,79
18,02	0,78
18,04	0,78
18,07	0,77
18,09	0,79
18,11	0,77
18,14	0,80
18,16	0,77
18,19	0,80
18,21	0,77
18,24	0,78
18,26	0,77
18,29	0,79
18,31	0,78
18,33	0,82
18,36	0,80
18,38	0,82
18,41	0,82
18,43	0,84
18,46	0,83
18,48	0,84
18,51	0,82
18,53	0,82
18,55	0,80
18,58	0,79
18,60	0,80
18,63	0,81
18,65	0,80
18,68	0,80
18,70	0,81
18,73	0,83
18,75	0,84
18,77	0,83
18,80	0,83
18,82	0,83
18,85	0,82
18,87	0,83
18,90	0,83
18,92	0,82
18,94	0,82
18,97	0,80
18,99	0,83
19,02	0,84
19,04	0,84
19,07	0,85
19,09	0,85
19,12	0,85
19,14	0,88
19,16	0,84
19,19	0,85
19,21	0,85
19,24	0,87
19,26	0,88
19,29	0,86
19,31	0,86
19,34	0,90
19,36	0,87
19,38	0,85
19,41	0,82
19,43	0,82
19,46	0,83
19,48	0,85
19,51	0,84
19,53	0,88
19,56	0,88
19,58	0,89
19,60	0,90
19,63	0,93
19,65	0,91
19,68	0,91
19,70	0,89
19,73	0,93
19,75	0,93
19,78	0,93
19,80	0,91
19,82	0,92
19,85	0,90
19,87	0,92
19,90	0,90
19,92	0,93
19,95	0,90
19,97	0,91
19,99	0,91
20,02	0,91
20,04	0,90
20,07	0,92
20,09	0,89
20,12	0,90
20,14	0,91
20,17	0,93
20,19	0,94
20,21	0,95
20,24	0,93
20,26	0,94
20,29	0,94
20,31	0,94
20,34	0,93
20,36	0,92
20,39	0,91
20,41	0,91
20,43	0,91
20,46	0,92
20,48	0,92
20,51	0,90
20,53	0,93
20,56	0,91
20,58	0,92
20,61	0,92
20,63	0,92
20,65	0,90
20,68	0,91
20,70	0,89
20,73	0,91
20,75	0,89
20,78	0,87
20,80	0,86
20,83	0,88
20,85	0,86
20,87	0,91
20,90	0,91
20,92	0,97
20,95	0,95
20,97	0,97
21,00	0,97
21,02	0,99
21,05	0,94
21,07	0,98
21,09	0,92
21,12	0,95
21,14	0,95
21,17	0,96
21,19	0,95
21,22	0,99
21,24	0,94
21,26	0,99
21,29	0,97
21,31	0,96
21,34	0,96
21,36	0,98
21,39	0,95
21,41	0,95
21,44	0,93
21,46	0,95
21,48	0,93
21,51	0,92
21,53	0,92
21,56	0,93
21,58	0,94
21,61	0,96
21,63	0,94
21,66	0,97
21,68	0,97
21,70	0,97
21,73	0,97
21,75	0,98
21,78	0,96
21,80	1,00
21,83	0,98
21,85	1,00
21,88	0,99
21,90	0,99
21,92	1,00
21,95	1,00
21,97	0,98
22,00	0,99
22,02	0,97
22,05	0,98
22,07	0,98
22,10	0,98
22,12	0,98
22,14	0,99
22,17	0,98
22,19	1,00
22,22	0,99
22,24	1,00
22,27	1,02
22,29	1,01
22,31	1,02
22,34	1,03
22,36	1,02
22,39	1,02
22,41	1,02
22,44	1,01
22,46	1,03
22,49	1,01
22,51	1,01
22,53	1,06
22,56	1,07
22,58	1,06
22,61	1,06
22,63	1,01
22,66	1,03
22,68	1,01
22,71	0,98
22,73	0,98
22,75	0,99
22,78	0,96
22,80	1,00
22,83	0,97
22,85	1,01
22,88	0,99
22,90	1,02
22,93	1,02
22,95	1,05
22,97	1,05
23,00	1,10
23,02	1,09
23,05	1,13
23,07	1,12
23,10	1,15
23,12	1,13
23,15	1,16
23,17	1,13
23,19	1,16
23,22	1,13
23,24	1,13
23,27	1,12
23,29	1,15
23,32	1,13
23,34	1,15
23,36	1,12
23,39	1,16
23,41	1,16
23,44	1,16
23,46	1,13
23,49	1,13
23,51	1,11
23,54	1,13
23,56	1,10
23,58	1,12
23,61	1,11
23,63	1,14
23,66	1,14
23,68	1,16
23,71	1,15
23,73	1,18
23,76	1,16
23,78	1,16
23,80	1,16
23,83	1,16
23,85	1,17
23,88	1,17
23,90	1,15
23,93	1,15
23,95	1,15
23,98	1,15
24,00	1,17
24,02	1,17
24,05	1,18
24,07	1,18
24,10	1,19
24,12	1,23
24,15	1,24
24,17	1,22
24,20	1,21
24,22	1,19
24,24	1,19
24,27	1,19
24,29	1,17
24,32	1,15
24,34	1,15
24,37	1,12
24,39	1,16
24,42	1,15
24,44	1,15
24,46	1,16
24,49	1,17
24,51	1,16
24,54	1,19
24,56	1,17
24,59	1,18
24,61	1,18
24,63	1,19
24,66	1,18
24,68	1,21
24,71	1,17
24,73	1,23
24,76	1,21
24,78	1,21
24,81	1,18
24,83	1,19
24,85	1,21
24,88	1,25
24,90	1,21
24,93	1,23
24,95	1,21
24,98	1,24
25,00	1,24
25,03	1,23
25,05	1,23
25,07	1,24
25,10	1,24
25,12	1,28
25,15	1,26
25,17	1,26
25,20	1,28
25,22	1,28
25,25	1,27
25,27	1,27
25,29	1,25
25,32	1,25
25,34	1,24
25,37	1,22
25,39	1,23
25,42	1,22
25,44	1,21
25,47	1,22
25,49	1,23
25,51	1,24
25,54	1,23
25,56	1,21
25,59	1,23
25,61	1,23
25,64	1,21
25,66	1,21
25,68	1,19
25,71	1,19
25,73	1,19
25,76	1,18
25,78	1,19
25,81	1,20
25,83	1,20
25,86	1,21
25,88	1,22
25,90	1,22
25,93	1,25
25,95	1,24
25,98	1,23
26,00	1,21
26,03	1,20
26,05	1,21
26,08	1,20
26,10	1,16
26,12	1,16
26,15	1,14
26,17	1,16
26,20	1,17
26,22	1,15
26,25	1,17
26,27	1,20
26,30	1,18
26,32	1,24
26,34	1,22
26,37	1,21
26,39	1,23
26,42	1,22
26,44	1,19
26,47	1,22
26,49	1,19
26,52	1,22
26,54	1,20
26,56	1,21
26,59	1,23
26,61	1,26
26,64	1,24
26,66	1,27
26,69	1,25
26,71	1,29
26,73	1,27
26,76	1,27
26,78	1,24
26,81	1,27
26,83	1,24
26,86	1,27
26,88	1,25
26,91	1,27
26,93	1,28
26,95	1,29
26,98	1,29
27,00	1,31
27,03	1,31
27,05	1,34
27,08	1,34
27,10	1,34
27,13	1,33
27,15	1,32
27,17	1,31
27,20	1,32
27,22	1,30
27,25	1,30
27,27	1,29
27,30	1,29
27,32	1,32
27,35	1,33
27,37	1,33
27,39	1,36
27,42	1,36
27,44	1,38
27,47	1,40
27,49	1,40
27,52	1,41
27,54	1,41
27,57	1,40
27,59	1,42
27,61	1,41
27,64	1,42
27,66	1,43
27,69	1,44
27,71	1,45
27,74	1,43
27,76	1,43
27,78	1,48
27,81	1,50
27,83	1,47
27,86	1,48
27,88	1,44
27,91	1,45
27,93	1,45
27,96	1,44
27,98	1,43
28,00	1,43
28,03	1,43
28,05	1,51
28,08	1,50
28,10	1,53
28,13	1,52
28,15	1,51
28,18	1,53
28,20	1,54
28,22	1,51
28,25	1,53
28,27	1,51
28,30	1,53
28,32	1,54
28,35	1,54
28,37	1,54
28,40	1,58
28,42	1,58
28,44	1,62
28,47	1,62
28,49	1,63
28,52	1,64
28,54	1,63
28,57	1,61
28,59	1,61
28,62	1,58
28,64	1,60
28,66	1,57
28,69	1,58
28,71	1,59
28,74	1,60
28,76	1,59
28,79	1,62
28,81	1,61
28,84	1,62
28,86	1,61
28,88	1,61
28,91	1,60
28,93	1,61
28,96	1,60
28,98	1,60
29,01	1,58
29,03	1,59
29,05	1,60
29,08	1,58
29,10	1,57
29,13	1,58
29,15	1,58
29,18	1,59
29,20	1,59
29,23	1,58
29,25	1,62
29,27	1,62
29,30	1,62
29,32	1,61
29,35	1,59
29,37	1,59
29,40	1,60
29,42	1,55
29,45	1,57
29,47	1,55
29,49	1,56
29,52	1,60
29,54	1,61
29,57	1,59
29,59	1,60
29,62	1,58
29,64	1,59
29,67	1,58
29,69	1,57
29,71	1,57
29,74	1,60
29,76	1,60
29,79	1,62
29,81	1,61
29,84	1,59
29,86	1,56
29,89	1,55
29,91	1,53
29,93	1,54
29,96	1,51
29,98	1,57
30,01	1,57
30,03	1,60
30,06	1,59
30,08	1,60
30,10	1,59
30,13	1,61
30,15	1,56
30,18	1,57
30,20	1,54
30,23	1,54
30,25	1,53
30,28	1,53
30,30	1,51
30,32	1,53
30,35	1,51
30,37	1,53
30,40	1,52
30,42	1,52
30,45	1,52
30,47	1,51
30,50	1,49
30,52	1,51
30,54	1,48
30,57	1,48
30,59	1,49
30,62	1,48
30,64	1,50
30,67	1,51
30,69	1,50
30,72	1,54
30,74	1,53
30,76	1,52
30,79	1,53
30,81	1,51
30,84	1,50
30,86	1,50
30,89	1,48
30,91	1,49
30,94	1,49
30,96	1,49
30,98	1,51
31,01	1,51
31,03	1,52
31,06	1,52
31,08	1,52
31,11	1,53
31,13	1,54
31,15	1,51
31,18	1,52
31,20	1,52
31,23	1,53
31,25	1,51
31,28	1,53
31,30	1,52
31,33	1,54
31,35	1,52
31,37	1,53
31,40	1,53
31,42	1,57
31,45	1,56
31,47	1,57
31,50	1,59
31,52	1,62
31,55	1,62
31,57	1,62
31,59	1,62
31,62	1,64
31,64	1,64
31,67	1,65
31,69	1,63
31,72	1,67
31,74	1,66
31,77	1,67
31,79	1,65
31,81	1,67
31,84	1,67
31,86	1,72
31,89	1,68
31,91	1,72
31,94	1,70
31,96	1,72
31,99	1,74
32,01	1,74
32,03	1,73
32,06	1,77
32,08	1,76
32,11	1,81
32,13	1,82
32,16	1,83
32,18	1,83
32,20	1,83
32,23	1,84
32,25	1,86
32,28	1,83
32,30	1,83
32,33	1,83
32,35	1,84
32,38	1,86
32,40	1,85
32,42	1,86
32,45	1,91
32,47	1,92
32,50	1,93
32,52	1,95
32,55	1,96
32,57	1,98
32,60	1,98
32,62	1,96
32,64	1,98
32,67	1,98
32,69	1,97
32,72	1,99
32,74	2,00
32,77	2,00
32,79	2,01
32,82	2,02
32,84	2,04
32,86	2,05
32,89	2,02
32,91	2,05
32,94	2,04
32,96	2,05
32,99	2,06
33,01	2,08
33,04	2,10
33,06	2,12
33,08	2,10
33,11	2,10
33,13	2,09
33,16	2,09
33,18	2,09
33,21	2,09
33,23	2,05
33,26	2,09
33,28	2,11
33,30	2,15
33,33	2,14
33,35	2,14
33,38	2,12
33,40	2,15
33,43	2,11
33,45	2,13
33,47	2,11
33,50	2,11
33,52	2,10
33,55	2,10
33,57	2,08
33,60	2,10
33,62	2,08
33,65	2,08
33,67	2,08
33,69	2,10
33,72	2,10
33,74	2,11
33,77	2,09
33,79	2,10
33,82	2,10
33,84	2,11
33,87	2,07
33,89	2,08
33,91	2,10
33,94	2,13
33,96	2,11
33,99	2,11
34,01	2,10
34,04	2,12
34,06	2,10
34,09	2,07
34,11	2,05
34,13	2,05
34,16	2,04
34,18	2,05
34,21	2,04
34,23	2,04
34,26	2,03
34,28	2,02
34,31	2,02
34,33	2,02
34,35	1,99
34,38	2,00
34,40	1,98
34,43	1,98
34,45	1,98
34,48	1,97
34,50	1,96
34,52	1,95
34,55	1,95
34,57	1,94
34,60	1,91
34,62	1,91
34,65	1,93
34,67	1,91
34,70	1,91
34,72	1,89
34,74	1,89
34,77	1,91
34,79	1,91
34,82	1,87
34,84	1,92
34,87	1,91
34,89	1,92
34,92	1,94
34,94	1,95
34,96	1,94
34,99	1,95
35,01	1,89
35,04	1,91
35,06	1,91
35,09	1,87
35,11	1,83
35,14	1,84
35,16	1,83
35,18	1,84
35,21	1,81
35,23	1,80
35,26	1,78
35,28	1,79
35,31	1,79
35,33	1,79
35,36	1,78
35,38	1,82
35,40	1,81
35,43	1,85
35,45	1,85
35,48	1,87
35,50	1,86
35,53	1,88
35,55	1,83
35,57	1,86
35,60	1,84
35,62	1,84
35,65	1,84
35,67	1,84
35,70	1,83
35,72	1,86
35,75	1,85
35,77	1,87
35,79	1,88
35,82	1,87
35,84	1,88
35,87	1,87
35,89	1,86
35,92	1,86
35,94	1,85
35,97	1,86
35,99	1,85
36,01	1,86
36,04	1,89
36,06	1,91
36,09	1,92
36,11	1,96
36,14	1,95
36,16	1,97
36,19	1,99
36,21	1,99
36,23	2,00
36,26	2,00
36,28	1,99
36,31	2,01
36,33	2,03
36,36	2,03
36,38	2,07
36,41	2,07
36,43	2,10
36,45	2,10
36,48	2,12
36,50	2,14
36,53	2,18
36,55	2,15
36,58	2,18
36,60	2,16
36,62	2,18
36,65	2,19
36,67	2,20
36,70	2,17
36,72	2,21
36,75	2,20
36,77	2,23
36,80	2,26
36,82	2,29
36,84	2,31
36,87	2,34
36,89	2,33
36,92	2,36
36,94	2,37
36,97	2,40
36,99	2,40
37,02	2,38
37,04	2,40
37,06	2,42
37,09	2,42
37,11	2,48
37,14	2,47
37,16	2,51
37,19	2,53
37,21	2,57
37,24	2,60
37,26	2,63
37,28	2,60
37,31	2,63
37,33	2,60
37,36	2,62
37,38	2,62
37,41	2,63
37,43	2,63
37,46	2,64
37,48	2,64
37,50	2,67
37,53	2,66
37,55	2,68
37,58	2,70
37,60	2,71
37,63	2,72
37,65	2,73
37,68	2,72
37,70	2,74
37,72	2,74
37,75	2,72
37,77	2,74
37,80	2,74
37,82	2,74
37,85	2,77
37,87	2,76
37,89	2,77
37,92	2,78
37,94	2,77
37,97	2,79
37,99	2,79
38,02	2,78
38,04	2,79
38,07	2,78
38,09	2,77
38,11	2,76
38,14	2,74
38,16	2,75
38,19	2,75
38,21	2,75
38,24	2,75
38,26	2,77
38,29	2,74
38,31	2,77
38,33	2,76
38,36	2,77
38,38	2,73
38,41	2,73
38,43	2,71
38,46	2,72
38,48	2,68
38,51	2,67
38,53	2,63
38,55	2,64
38,58	2,63
38,60	2,63
38,63	2,62
38,65	2,62
38,68	2,59
38,70	2,64
38,73	2,62
38,75	2,62
38,77	2,57
38,80	2,56
38,82	2,53
38,85	2,55
38,87	2,49
38,90	2,49
38,92	2,47
38,94	2,49
38,97	2,49
38,99	2,51
39,02	2,48
39,04	2,50
39,07	2,45
39,09	2,47
39,12	2,44
39,14	2,45
39,16	2,42
39,19	2,43
39,21	2,38
39,24	2,40
39,26	2,36
39,29	2,38
39,31	2,36
39,34	2,34
39,36	2,32
39,38	2,33
39,41	2,32
39,43	2,34
39,46	2,31
39,48	2,30
39,51	2,30
39,53	2,27
39,56	2,26
39,58	2,26
39,60	2,23
39,63	2,22
39,65	2,20
39,68	2,19
39,70	2,21
39,73	2,21
39,75	2,19
39,78	2,20
39,80	2,20
39,82	2,21
39,85	2,23
39,87	2,21
39,90	2,21
39,92	2,22
39,95	2,20
39,97	2,21
39,99	2,19
40,02	2,18
40,04	2,19
40,07	2,18
40,09	2,18
40,12	2,17
40,14	2,14
40,17	2,17
40,19	2,18
40,21	2,16
40,24	2,17
40,26	2,16
40,29	2,18
40,31	2,19
40,34	2,18
40,36	2,19
40,39	2,21
40,41	2,20
40,43	2,22
40,46	2,19
40,48	2,21
40,51	2,28
40,53	2,29
40,56	2,28
40,58	2,30
40,61	2,27
40,63	2,33
40,65	2,33
40,68	2,30
40,70	2,29
40,73	2,30
40,75	2,31
40,78	2,36
40,80	2,35
40,83	2,38
40,85	2,37
40,87	2,39
40,90	2,42
40,92	2,44
40,95	2,45
40,97	2,47
41,00	2,45
41,02	2,47
41,05	2,46
41,07	2,47
41,09	2,49
41,12	2,50
41,14	2,51
41,17	2,56
41,19	2,56
41,22	2,60
41,24	2,64
41,26	2,66
41,29	2,68
41,31	2,71
41,34	2,72
41,36	2,75
41,39	2,78
41,41	2,78
41,44	2,82
41,46	2,82
41,48	2,84
41,51	2,87
41,53	2,89
41,56	2,91
41,58	2,94
41,61	2,94
41,63	3,00
41,66	3,02
41,68	3,04
41,70	3,05
41,73	3,05
41,75	3,07
41,78	3,10
41,80	3,08
41,83	3,10
41,85	3,10
41,88	3,15
41,90	3,18
41,92	3,19
41,95	3,21
41,97	3,25
42,00	3,28
42,02	3,32
42,05	3,29
42,07	3,32
42,10	3,33
42,12	3,35
42,14	3,35
42,17	3,39
42,19	3,35
42,22	3,40
42,24	3,40
42,27	3,43
42,29	3,42
42,31	3,45
42,34	3,41
42,36	3,48
42,39	3,46
42,41	3,49
42,44	3,48
42,46	3,49
42,49	3,49
42,51	3,54
42,53	3,50
42,56	3,54
42,58	3,50
42,61	3,53
42,63	3,55
42,66	3,54
42,68	3,52
42,71	3,53
42,73	3,52
42,75	3,56
42,78	3,54
42,80	3,55
42,83	3,53
42,85	3,54
42,88	3,51
42,90	3,51
42,93	3,47
42,95	3,46
42,97	3,45
43,00	3,45
43,02	3,46
43,05	3,47
43,07	3,45
43,10	3,48
43,12	3,47
43,15	3,45
43,17	3,44
43,19	3,39
43,22	3,38
43,24	3,37
43,27	3,34
43,29	3,32
43,32	3,30
43,34	3,29
43,36	3,31
43,39	3,30
43,41	3,29
43,44	3,28
43,46	3,26
43,49	3,24
43,51	3,24
43,54	3,21
43,56	3,21
43,58	3,16
43,61	3,14
43,63	3,13
43,66	3,12
43,68	3,09
43,71	3,08
43,73	3,05
43,76	3,08
43,78	3,05
43,80	3,02
43,83	3,00
43,85	2,98
43,88	2,97
43,90	2,94
43,93	2,91
43,95	2,92
43,98	2,89
44,00	2,87
44,02	2,87
44,05	2,85
44,07	2,83
44,10	2,82
44,12	2,81
44,15	2,83
44,17	2,80
44,20	2,79
44,22	2,76
44,24	2,76
44,27	2,72
44,29	2,70
44,32	2,67
44,34	2,68
44,37	2,66
44,39	2,65
44,41	2,61
44,44	2,62
44,46	2,59
44,49	2,62
44,51	2,59
44,54	2,57
44,56	2,57
44,59	2,57
44,61	2,56
44,63	2,58
44,66	2,55
44,68	2,55
44,71	2,54
44,73	2,55
44,76	2,54
44,78	2,53
44,81	2,51
44,83	2,51
44,85	2,49
44,88	2,51
44,90	2,52
44,93	2,52
44,95	2,55
44,98	2,55
45,00	2,55
45,03	2,56
45,05	2,56
45,07	2,57
45,10	2,59
45,12	2,57
45,15	2,58
45,17	2,59
45,20	2,60
45,22	2,61
45,25	2,63
45,27	2,62
45,29	2,66
45,32	2,64
45,34	2,67
45,37	2,69
45,39	2,69
45,42	2,68
45,44	2,70
45,47	2,72
45,49	2,76
45,51	2,74
45,54	2,76
45,56	2,81
45,59	2,85
45,61	2,85
45,64	2,89
45,66	2,90
45,68	2,96
45,71	2,97
45,73	3,00
45,76	3,03
45,78	3,10
45,81	3,08
45,83	3,14
45,86	3,14
45,88	3,18
45,90	3,17
45,93	3,20
45,95	3,18
45,98	3,23
46,00	3,23
46,03	3,29
46,05	3,31
46,08	3,34
46,10	3,36
46,12	3,41
46,15	3,41
46,17	3,46
46,20	3,46
46,22	3,51
46,25	3,50
46,27	3,54
46,30	3,57
46,32	3,63
46,34	3,65
46,37	3,70
46,39	3,70
46,42	3,77
46,44	3,79
46,47	3,82
46,49	3,84
46,52	3,86
46,54	3,87
46,56	3,93
46,59	3,93
46,61	3,98
46,64	4,01
46,66	4,04
46,69	4,08
46,71	4,10
46,73	4,10
46,76	4,16
46,78	4,16
46,81	4,16
46,83	4,17
46,86	4,17
46,88	4,20
46,91	4,23
46,93	4,24
46,95	4,26
46,98	4,27
47,00	4,28
47,03	4,34
47,05	4,33
47,08	4,33
47,10	4,33
47,13	4,34
47,15	4,38
47,17	4,39
47,20	4,37
47,22	4,38
47,25	4,36
47,27	4,38
47,30	4,39
47,32	4,39
47,35	4,39
47,37	4,39
47,39	4,39
47,42	4,44
47,44	4,42
47,47	4,41
47,49	4,41
47,52	4,44
47,54	4,42
47,57	4,43
47,59	4,38
47,61	4,42
47,64	4,40
47,66	4,38
47,69	4,34
47,71	4,31
47,74	4,30
47,76	4,32
47,78	4,27
47,81	4,27
47,83	4,25
47,86	4,23
47,88	4,24
47,91	4,24
47,93	4,20
47,96	4,20
47,98	4,17
48,00	4,16
48,03	4,16
48,05	4,14
48,08	4,10
48,10	4,09
48,13	4,06
48,15	4,06
48,18	4,02
48,20	3,99
48,22	3,96
48,25	3,94
48,27	3,91
48,30	3,89
48,32	3,85
48,35	3,83
48,37	3,80
48,40	3,77
48,42	3,75
48,44	3,71
48,47	3,68
48,49	3,68
48,52	3,65
48,54	3,62
48,57	3,61
48,59	3,59
48,62	3,58
48,64	3,55
48,66	3,51
48,69	3,50
48,71	3,48
48,74	3,46
48,76	3,46
48,79	3,43
48,81	3,41
48,84	3,39
48,86	3,37
48,88	3,36
48,91	3,31
48,93	3,26
48,96	3,25
48,98	3,22
49,01	3,21
49,03	3,19
49,05	3,17
49,08	3,20
49,10	3,17
49,13	3,15
49,15	3,14
49,18	3,12
49,20	3,11
49,23	3,09
49,25	3,05
49,27	3,05
49,30	3,04
49,32	3,02
49,35	3,03
49,37	3,01
49,40	3,00
49,42	2,98
49,45	2,97
49,47	2,96
49,49	2,98
49,52	2,95
49,54	2,99
49,57	2,98
49,59	2,99
49,62	3,00
49,64	2,99
49,67	2,99
49,69	3,01
49,71	2,98
49,74	3,01
49,76	3,01
49,79	3,02
49,81	3,07
49,84	3,07
49,86	3,07
49,89	3,12
49,91	3,09
49,93	3,10
49,96	3,09
49,98	3,08
50,01	3,10
50,03	3,10
50,06	3,08
50,08	3,14
50,10	3,14
50,13	3,17
50,15	3,18
50,18	3,21
50,20	3,24
50,23	3,29
50,25	3,28
50,28	3,32
50,30	3,33
50,32	3,37
50,35	3,39
50,37	3,39
50,40	3,41
50,42	3,45
50,45	3,47
50,47	3,52
50,50	3,54
50,52	3,56
50,54	3,61
50,57	3,63
50,59	3,67
50,62	3,72
50,64	3,74
50,67	3,77
50,69	3,81
50,72	3,84
50,74	3,90
50,76	3,91
50,79	3,94
50,81	3,99
50,84	4,04
50,86	4,07
50,89	4,11
50,91	4,14
50,94	4,20
50,96	4,22
50,98	4,25
51,01	4,28
51,03	4,34
51,06	4,37
51,08	4,43
51,11	4,45
51,13	4,52
51,15	4,57
51,18	4,61
51,20	4,64
51,23	4,68
51,25	4,69
51,28	4,75
51,30	4,75
51,33	4,78
51,35	4,79
51,37	4,84
51,40	4,86
51,42	4,92
51,45	4,93
51,47	4,98
51,50	4,97
51,52	5,03
51,55	5,05
51,57	5,11
51,59	5,10
51,62	5,16
51,64	5,17
51,67	5,26
51,69	5,26
51,72	5,29
51,74	5,28
51,77	5,33
51,79	5,33
51,81	5,38
51,84	5,35
51,86	5,39
51,89	5,39
51,91	5,43
51,94	5,43
51,96	5,45
51,99	5,44
52,01	5,49
52,03	5,49
52,06	5,51
52,08	5,50
52,11	5,52
52,13	5,52
52,16	5,53
52,18	5,51
52,20	5,52
52,23	5,48
52,25	5,49
52,28	5,49
52,30	5,49
52,33	5,48
52,35	5,47
52,38	5,45
52,40	5,46
52,42	5,43
52,45	5,42
52,47	5,40
52,50	5,36
52,52	5,34
52,55	5,33
52,57	5,31
52,60	5,29
52,62	5,26
52,64	5,22
52,67	5,22
52,69	5,20
52,72	5,16
52,74	5,14
52,77	5,14
52,79	5,10
52,82	5,07
52,84	5,04
52,86	5,03
52,89	4,99
52,91	4,93
52,94	4,86
52,96	4,82
52,99	4,79
53,01	4,78
53,04	4,73
53,06	4,71
53,08	4,67
53,11	4,67
53,13	4,63
53,16	4,61
53,18	4,53
53,21	4,49
53,23	4,44
53,26	4,43
53,28	4,39
53,30	4,39
53,33	4,35
53,35	4,35
53,38	4,32
53,40	4,30
53,43	4,27
53,45	4,24
53,47	4,20
53,50	4,16
53,52	4,12
53,55	4,09
53,57	4,06
53,60	4,03
53,62	3,97
53,65	3,95
53,67	3,92
53,69	3,89
53,72	3,86
53,74	3,85
53,77	3,82
53,79	3,80
53,82	3,78
53,84	3,77
53,87	3,76
53,89	3,75
53,91	3,70
53,94	3,69
53,96	3,67
53,99	3,66
54,01	3,64
54,04	3,63
54,06	3,61
54,09	3,61
54,11	3,60
54,13	3,61
54,16	3,59
54,18	3,56
54,21	3,55
54,23	3,53
54,26	3,51
54,28	3,51
54,31	3,50
54,33	3,49
54,35	3,50
54,38	3,50
54,40	3,52
54,43	3,51
54,45	3,51
54,48	3,52
54,50	3,52
54,52	3,54
54,55	3,57
54,57	3,56
54,60	3,59
54,62	3,62
54,65	3,63
54,67	3,65
54,70	3,68
54,72	3,68
54,74	3,72
54,77	3,75
54,79	3,76
54,82	3,76
54,84	3,78
54,87	3,76
54,89	3,81
54,92	3,81
54,94	3,82
54,96	3,83
54,99	3,88
55,01	3,91
55,04	3,96
55,06	3,96
55,09	4,00
55,11	4,02
55,14	4,07
55,16	4,06
55,18	4,09
55,21	4,13
55,23	4,18
55,26	4,21
55,28	4,27
55,31	4,31
55,33	4,38
55,36	4,42
55,38	4,46
55,40	4,49
55,43	4,54
55,45	4,55
55,48	4,61
55,50	4,65
55,53	4,70
55,55	4,74
55,57	4,79
55,60	4,83
55,62	4,89
55,65	4,92
55,67	4,99
55,70	5,02
55,72	5,07
55,75	5,12
55,77	5,17
55,79	5,22
55,82	5,25
55,84	5,29
55,87	5,35
55,89	5,40
55,92	5,44
55,94	5,51
55,97	5,56
55,99	5,62
56,01	5,66
56,04	5,71
56,06	5,76
56,09	5,82
56,11	5,85
56,14	5,91
56,16	5,93
56,19	5,98
56,21	6,03
56,23	6,07
56,26	6,10
56,28	6,16
56,31	6,18
56,33	6,25
56,36	6,25
56,38	6,29
56,41	6,32
56,43	6,33
56,45	6,30
56,48	6,34
56,50	6,33
56,53	6,40
56,55	6,39
56,58	6,41
56,60	6,45
56,62	6,51
56,65	6,52
56,67	6,60
56,70	6,60
56,72	6,64
56,75	6,64
56,77	6,67
56,80	6,66
56,82	6,69
56,84	6,63
56,87	6,65
56,89	6,63
56,92	6,67
56,94	6,68
56,97	6,70
56,99	6,68
57,02	6,73
57,04	6,70
57,06	6,73
57,09	6,71
57,11	6,67
57,14	6,65
57,16	6,63
57,19	6,60
57,21	6,61
57,24	6,56
57,26	6,54
57,28	6,50
57,31	6,49
57,33	6,48
57,36	6,45
57,38	6,40
57,41	6,40
57,43	6,38
57,46	6,37
57,48	6,33
57,50	6,30
57,53	6,27
57,55	6,24
57,58	6,18
57,60	6,15
57,63	6,11
57,65	6,08
57,68	6,06
57,70	6,02
57,72	5,97
57,75	5,93
57,77	5,88
57,80	5,86
57,82	5,81
57,85	5,74
57,87	5,71
57,89	5,65
57,92	5,61
57,94	5,58
57,97	5,52
57,99	5,48
58,02	5,44
58,04	5,37
58,07	5,37
58,09	5,33
58,11	5,28
58,14	5,27
58,16	5,23
58,19	5,18
58,21	5,18
58,24	5,13
58,26	5,11
58,29	5,07
58,31	5,01
58,33	4,97
58,36	4,94
58,38	4,90
58,41	4,88
58,43	4,81
58,46	4,79
58,48	4,75
58,51	4,72
58,53	4,69
58,55	4,66
58,58	4,61
58,60	4,58
58,63	4,53
58,65	4,52
58,68	4,49
58,70	4,45
58,73	4,42
58,75	4,41
58,77	4,39
58,80	4,39
58,82	4,35
58,85	4,35
58,87	4,35
58,90	4,33
58,92	4,30
58,94	4,29
58,97	4,26
58,99	4,27
59,02	4,25
59,04	4,23
59,07	4,23
59,09	4,22
59,12	4,20
59,14	4,21
59,16	4,20
59,19	4,21
59,21	4,20
59,24	4,20
59,26	4,22
59,29	4,23
59,31	4,23
59,34	4,25
59,36	4,24
59,38	4,26
59,41	4,27
59,43	4,27
59,46	4,30
59,48	4,30
59,51	4,32
59,53	4,36
59,56	4,37
59,58	4,39
59,60	4,44
59,63	4,45
59,65	4,49
59,68	4,51
59,70	4,53
59,73	4,55
59,75	4,58
59,78	4,59
59,80	4,64
59,82	4,63
59,85	4,67
59,87	4,69
59,90	4,75
59,92	4,79
59,95	4,83
59,97	4,84
59,99	4,89
