Voltage U1	Corriente IA
U1/V	IA/nA

0,02	0,52
0,04	0,51
0,07	0,51
0,09	0,53
0,12	0,51
0,14	0,53
0,17	0,51
0,19	0,49
0,21	0,51
0,24	0,53
0,26	0,49
0,29	0,52
0,31	0,51
0,34	0,52
0,36	0,55
0,39	0,55
0,41	0,54
0,43	0,57
0,46	0,57
0,48	0,64
0,51	0,63
0,53	0,60
0,56	0,67
0,58	0,67
0,61	0,65
0,63	0,65
0,65	0,55
0,68	0,56
0,70	0,58
0,73	0,48
0,75	0,48
0,78	0,48
0,80	0,47
0,83	0,50
0,85	0,49
0,87	0,48
0,90	0,47
0,92	0,48
0,95	0,47
0,97	0,47
1,00	0,45
1,02	0,46
1,05	0,42
1,07	0,43
1,09	0,44
1,12	0,44
1,14	0,45
1,17	0,48
1,19	0,48
1,22	0,51
1,24	0,51
1,26	0,50
1,29	0,50
1,31	0,51
1,34	0,49
1,36	0,49
1,39	0,48
1,41	0,48
1,44	0,50
1,46	0,49
1,48	0,50
1,51	0,49
1,53	0,50
1,56	0,53
1,58	0,53
1,61	0,51
1,63	0,52
1,66	0,48
1,68	0,49
1,70	0,47
1,73	0,47
1,75	0,45
1,78	0,45
1,80	0,46
1,83	0,48
1,85	0,48
1,88	0,48
1,90	0,50
1,92	0,52
1,95	0,53
1,97	0,52
2,00	0,52
2,02	0,55
2,05	0,57
2,07	0,54
2,10	0,56
2,12	0,54
2,14	0,56
2,17	0,57
2,19	0,53
2,22	0,53
2,24	0,52
2,27	0,53
2,29	0,57
2,31	0,56
2,34	0,54
2,36	0,56
2,39	0,54
2,41	0,53
2,44	0,51
2,46	0,48
2,49	0,46
2,51	0,46
2,53	0,45
2,56	0,47
2,58	0,47
2,61	0,47
2,63	0,50
2,66	0,53
2,68	0,54
2,71	0,54
2,73	0,54
2,75	0,54
2,78	0,54
2,80	0,50
2,83	0,49
2,85	0,48
2,88	0,50
2,90	0,49
2,93	0,49
2,95	0,49
2,97	0,50
3,00	0,50
3,02	0,52
3,05	0,51
3,07	0,50
3,10	0,51
3,12	0,49
3,15	0,49
3,17	0,50
3,19	0,47
3,22	0,47
3,24	0,47
3,27	0,47
3,29	0,49
3,32	0,49
3,34	0,47
3,36	0,51
3,39	0,50
3,41	0,51
3,44	0,50
3,46	0,50
3,49	0,48
3,51	0,51
3,54	0,48
3,56	0,49
3,58	0,49
3,61	0,49
3,63	0,47
3,66	0,52
3,68	0,49
3,71	0,49
3,73	0,50
3,76	0,53
3,78	0,51
3,80	0,52
3,83	0,48
3,85	0,50
3,88	0,51
3,90	0,52
3,93	0,48
3,95	0,50
3,98	0,51
4,00	0,53
4,02	0,50
4,05	0,50
4,07	0,48
4,10	0,51
4,12	0,48
4,15	0,49
4,17	0,49
4,20	0,51
4,22	0,52
4,24	0,53
4,27	0,51
4,29	0,54
4,32	0,53
4,34	0,54
4,37	0,54
4,39	0,54
4,42	0,52
4,44	0,53
4,46	0,52
4,49	0,56
4,51	0,55
4,54	0,54
4,56	0,53
4,59	0,53
4,61	0,53
4,63	0,53
4,66	0,50
4,68	0,50
4,71	0,48
4,73	0,46
4,76	0,48
4,78	0,48
4,81	0,46
4,83	0,49
4,85	0,48
4,88	0,50
4,90	0,51
4,93	0,52
4,95	0,51
4,98	0,52
5,00	0,49
5,03	0,49
5,05	0,48
5,07	0,46
5,10	0,48
5,12	0,47
5,15	0,48
5,17	0,46
5,20	0,47
5,22	0,50
5,25	0,51
5,27	0,48
5,29	0,49
5,32	0,46
5,34	0,47
5,37	0,46
5,39	0,46
5,42	0,47
5,44	0,48
5,47	0,47
5,49	0,51
5,51	0,51
5,54	0,53
5,56	0,52
5,59	0,50
5,61	0,46
5,64	0,48
5,66	0,46
5,68	0,47
5,71	0,45
5,73	0,43
5,76	0,45
5,78	0,46
5,81	0,45
5,83	0,46
5,86	0,46
5,88	0,49
5,90	0,50
5,93	0,50
5,95	0,55
5,98	0,56
6,00	0,54
6,03	0,56
6,05	0,53
6,08	0,54
6,10	0,51
6,12	0,49
6,15	0,49
6,17	0,49
6,20	0,47
6,22	0,49
6,25	0,47
6,27	0,48
6,30	0,47
6,32	0,47
6,34	0,47
6,37	0,48
6,39	0,48
6,42	0,49
6,44	0,50
6,47	0,49
6,49	0,50
6,52	0,49
6,54	0,47
6,56	0,47
6,59	0,46
6,61	0,46
6,64	0,47
6,66	0,45
6,69	0,50
6,71	0,51
6,73	0,50
6,76	0,50
6,78	0,48
6,81	0,48
6,83	0,49
6,86	0,46
6,88	0,47
6,91	0,45
6,93	0,46
6,95	0,48
6,98	0,48
7,00	0,48
7,03	0,50
7,05	0,48
7,08	0,51
7,10	0,51
7,13	0,51
7,15	0,52
7,17	0,52
7,20	0,51
7,22	0,52
7,25	0,49
7,27	0,47
7,30	0,46
7,32	0,46
7,35	0,47
7,37	0,47
7,39	0,46
7,42	0,51
7,44	0,51
7,47	0,53
7,49	0,52
7,52	0,52
7,54	0,51
7,57	0,54
7,59	0,53
7,61	0,54
7,64	0,49
7,66	0,50
7,69	0,48
7,71	0,48
7,74	0,45
7,76	0,46
7,78	0,45
7,81	0,49
7,83	0,49
7,86	0,51
7,88	0,51
7,91	0,52
7,93	0,50
7,96	0,52
7,98	0,49
8,00	0,51
8,03	0,50
8,05	0,50
8,08	0,49
8,10	0,49
8,13	0,47
8,15	0,50
8,18	0,49
8,20	0,49
8,22	0,49
8,25	0,50
8,27	0,51
8,30	0,52
8,32	0,50
8,35	0,51
8,37	0,49
8,40	0,49
8,42	0,50
8,44	0,50
8,47	0,49
8,49	0,51
8,52	0,51
8,54	0,52
8,57	0,53
8,59	0,52
8,62	0,52
8,64	0,52
8,66	0,51
8,69	0,52
8,71	0,51
8,74	0,50
8,76	0,51
8,79	0,52
8,81	0,53
8,84	0,50
8,86	0,48
8,88	0,48
8,91	0,48
8,93	0,47
8,96	0,47
8,98	0,45
9,01	0,48
9,03	0,48
9,05	0,49
9,08	0,50
9,10	0,47
9,13	0,45
9,15	0,48
9,18	0,45
9,20	0,46
9,23	0,46
9,25	0,45
9,27	0,45
9,30	0,48
9,32	0,46
9,35	0,49
9,37	0,47
9,40	0,47
9,42	0,49
9,45	0,50
9,47	0,48
9,49	0,49
9,52	0,47
9,54	0,52
9,57	0,52
9,59	0,52
9,62	0,51
9,64	0,53
9,67	0,52
9,69	0,53
9,71	0,51
9,74	0,50
9,76	0,48
9,79	0,50
9,81	0,49
9,84	0,48
9,86	0,47
9,89	0,48
9,91	0,49
9,93	0,51
9,96	0,52
9,98	0,51
10,01	0,52
10,03	0,53
10,06	0,50
10,08	0,51
10,10	0,50
10,13	0,51
10,15	0,54
10,18	0,53
10,20	0,54
10,23	0,55
10,25	0,55
10,28	0,56
10,30	0,56
10,32	0,53
10,35	0,53
10,37	0,52
10,40	0,52
10,42	0,53
10,45	0,51
10,47	0,51
10,50	0,51
10,52	0,50
10,54	0,51
10,57	0,48
10,59	0,47
10,62	0,49
10,64	0,50
10,67	0,49
10,69	0,52
10,72	0,51
10,74	0,54
10,76	0,55
10,79	0,53
10,81	0,53
10,84	0,57
10,86	0,55
10,89	0,59
10,91	0,55
10,94	0,56
10,96	0,56
10,98	0,56
11,01	0,55
11,03	0,55
11,06	0,52
11,08	0,56
11,11	0,55
11,13	0,56
11,15	0,55
11,18	0,55
11,20	0,54
11,23	0,55
11,25	0,52
11,28	0,55
11,30	0,51
11,33	0,52
11,35	0,52
11,37	0,52
11,40	0,51
11,42	0,53
11,45	0,51
11,47	0,54
11,50	0,54
11,52	0,52
11,55	0,54
11,57	0,55
11,59	0,54
11,62	0,56
11,64	0,55
11,67	0,56
11,69	0,56
11,72	0,56
11,74	0,56
11,77	0,58
11,79	0,56
11,81	0,57
11,84	0,56
11,86	0,55
11,89	0,54
11,91	0,53
11,94	0,52
11,96	0,53
11,99	0,52
12,01	0,53
12,03	0,54
12,06	0,54
12,08	0,56
12,11	0,56
12,13	0,57
12,16	0,57
12,18	0,57
12,21	0,57
12,23	0,58
12,25	0,56
12,28	0,57
12,30	0,56
12,33	0,56
12,35	0,60
12,38	0,63
12,40	0,62
12,42	0,64
12,45	0,63
12,47	0,65
12,50	0,63
12,52	0,62
12,55	0,58
12,57	0,57
12,60	0,55
12,62	0,59
12,64	0,57
12,67	0,61
12,69	0,60
12,72	0,63
12,74	0,64
12,77	0,66
12,79	0,62
12,82	0,66
12,84	0,64
12,86	0,63
12,89	0,63
12,91	0,64
12,94	0,62
12,96	0,64
12,99	0,60
13,01	0,61
13,04	0,60
13,06	0,61
13,08	0,62
13,11	0,62
13,13	0,62
13,16	0,63
13,18	0,61
13,21	0,65
13,23	0,63
13,26	0,62
13,28	0,62
13,30	0,62
13,33	0,62
13,35	0,62
13,38	0,59
13,40	0,60
13,43	0,58
13,45	0,57
13,47	0,57
13,50	0,58
13,52	0,59
13,55	0,63
13,57	0,62
13,60	0,64
13,62	0,65
13,65	0,64
13,67	0,64
13,69	0,64
13,72	0,61
13,74	0,60
13,77	0,60
13,79	0,60
13,82	0,64
13,84	0,63
13,87	0,63
13,89	0,65
13,91	0,66
13,94	0,69
13,96	0,70
13,99	0,69
14,01	0,70
14,04	0,67
14,06	0,68
14,09	0,66
14,11	0,65
14,13	0,62
14,16	0,61
14,18	0,62
14,21	0,68
14,23	0,65
14,26	0,68
14,28	0,70
14,31	0,71
14,33	0,70
14,35	0,71
14,38	0,69
14,40	0,72
14,43	0,68
14,45	0,68
14,48	0,68
14,50	0,70
14,52	0,68
14,55	0,71
14,57	0,70
14,60	0,73
14,62	0,70
14,65	0,70
14,67	0,71
14,70	0,72
14,72	0,67
14,74	0,68
14,77	0,64
14,79	0,66
14,82	0,64
14,84	0,64
14,87	0,62
14,89	0,65
14,92	0,64
14,94	0,67
14,96	0,65
14,99	0,67
15,01	0,70
15,04	0,71
15,06	0,69
15,09	0,70
15,11	0,69
15,14	0,70
15,16	0,70
15,18	0,68
15,21	0,68
15,23	0,67
15,26	0,67
15,28	0,70
15,31	0,69
15,33	0,70
15,36	0,70
15,38	0,69
15,40	0,72
15,43	0,72
15,45	0,70
15,48	0,71
15,50	0,69
15,53	0,68
15,55	0,68
15,57	0,66
15,60	0,68
15,62	0,67
15,65	0,66
15,67	0,68
15,70	0,68
15,72	0,70
15,75	0,74
15,77	0,72
15,79	0,72
15,82	0,73
15,84	0,74
15,87	0,75
15,89	0,74
15,92	0,70
15,94	0,73
15,97	0,72
15,99	0,72
16,01	0,72
16,04	0,73
16,06	0,71
16,09	0,73
16,11	0,71
16,14	0,76
16,16	0,74
16,19	0,74
16,21	0,71
16,23	0,72
16,26	0,71
16,28	0,71
16,31	0,69
16,33	0,71
16,36	0,70
16,38	0,71
16,41	0,71
16,43	0,74
16,45	0,74
16,48	0,77
16,50	0,77
16,53	0,78
16,55	0,78
16,58	0,80
16,60	0,78
16,63	0,78
16,65	0,75
16,67	0,76
16,70	0,73
16,72	0,74
16,75	0,74
16,77	0,74
16,80	0,73
16,82	0,74
16,84	0,75
16,87	0,79
16,89	0,78
16,92	0,78
16,94	0,77
16,97	0,76
16,99	0,75
17,02	0,74
17,04	0,72
17,06	0,73
17,09	0,73
17,11	0,73
17,14	0,76
17,16	0,76
17,19	0,77
17,21	0,79
17,24	0,78
17,26	0,79
17,28	0,80
17,31	0,79
17,33	0,80
17,36	0,79
17,38	0,78
17,41	0,77
17,43	0,75
17,46	0,75
17,48	0,77
17,50	0,73
17,53	0,74
17,55	0,71
17,58	0,72
17,60	0,76
17,63	0,77
17,65	0,74
17,68	0,77
17,70	0,74
17,72	0,77
17,75	0,77
17,77	0,77
17,80	0,75
17,82	0,75
17,85	0,74
17,87	0,77
17,89	0,78
17,92	0,78
17,94	0,78
17,97	0,81
17,99	0,82
18,02	0,83
18,04	0,80
18,07	0,81
18,09	0,81
18,11	0,79
18,14	0,77
18,16	0,77
18,19	0,75
18,21	0,79
18,24	0,77
18,26	0,80
18,29	0,81
18,31	0,81
18,33	0,83
18,36	0,86
18,38	0,85
18,41	0,87
18,43	0,84
18,46	0,84
18,48	0,83
18,51	0,82
18,53	0,82
18,55	0,80
18,58	0,80
18,60	0,83
18,63	0,82
18,65	0,84
18,68	0,86
18,70	0,86
18,73	0,87
18,75	0,87
18,77	0,86
18,80	0,86
18,82	0,87
18,85	0,86
18,87	0,88
18,90	0,86
18,92	0,86
18,94	0,87
18,97	0,88
18,99	0,89
19,02	0,90
19,04	0,88
19,07	0,93
19,09	0,93
19,12	0,92
19,14	0,92
19,16	0,90
19,19	0,90
19,21	0,91
19,24	0,88
19,26	0,90
19,29	0,89
19,31	0,89
19,34	0,89
19,36	0,89
19,38	0,89
19,41	0,90
19,43	0,88
19,46	0,90
19,48	0,90
19,51	0,94
19,53	0,92
19,56	0,93
19,58	0,94
19,60	0,97
19,63	0,95
19,65	0,95
19,68	0,93
19,70	0,95
19,73	0,95
19,75	0,95
19,78	0,92
19,80	0,96
19,82	0,95
19,85	0,96
19,87	0,94
19,90	0,94
19,92	0,93
19,95	0,93
19,97	0,92
19,99	0,93
20,02	0,92
20,04	0,94
20,07	0,95
20,09	0,96
20,12	0,96
20,14	0,97
20,17	0,96
20,19	0,97
20,21	0,96
20,24	0,95
20,26	0,93
20,29	0,94
20,31	0,92
20,34	0,94
20,36	0,91
20,39	0,93
20,41	0,92
20,43	0,94
20,46	0,93
20,48	0,94
20,51	0,94
20,53	0,98
20,56	0,97
20,58	0,97
20,61	0,97
20,63	0,97
20,65	0,97
20,68	0,96
20,70	0,95
20,73	0,95
20,75	0,93
20,78	0,92
20,80	0,94
20,83	0,93
20,85	0,94
20,87	0,93
20,90	0,94
20,92	0,94
20,95	0,97
20,97	0,96
21,00	0,95
21,02	0,96
21,05	0,95
21,07	0,97
21,09	0,99
21,12	0,98
21,14	0,99
21,17	0,98
21,19	1,00
21,22	0,99
21,24	0,98
21,26	0,96
21,29	0,95
21,31	0,94
21,34	0,95
21,36	0,93
21,39	0,94
21,41	0,94
21,44	0,95
21,46	0,95
21,48	0,93
21,51	0,92
21,53	0,94
21,56	0,93
21,58	0,92
21,61	0,93
21,63	0,94
21,66	0,97
21,68	0,98
21,70	0,96
21,73	0,98
21,75	0,97
21,78	0,97
21,80	0,98
21,83	0,96
21,85	0,97
21,88	0,99
21,90	0,98
21,92	0,99
21,95	1,00
21,97	0,99
22,00	1,01
22,02	1,00
22,05	1,00
22,07	1,00
22,10	0,99
22,12	0,98
22,14	0,97
22,17	0,97
22,19	0,99
22,22	0,98
22,24	0,99
22,27	1,01
22,29	1,02
22,31	1,02
22,34	1,03
22,36	1,03
22,39	1,05
22,41	1,04
22,44	1,04
22,46	1,03
22,49	1,05
22,51	1,03
22,53	1,05
22,56	1,04
22,58	1,04
22,61	1,02
22,63	1,05
22,66	1,05
22,68	1,08
22,71	1,08
22,73	1,10
22,75	1,10
22,78	1,12
22,80	1,12
22,83	1,11
22,85	1,10
22,88	1,11
22,90	1,09
22,93	1,12
22,95	1,09
22,97	1,09
23,00	1,09
23,02	1,11
23,05	1,10
23,07	1,13
23,10	1,09
23,12	1,13
23,15	1,14
23,17	1,16
23,19	1,13
23,22	1,15
23,24	1,11
23,27	1,16
23,29	1,16
23,32	1,17
23,34	1,16
23,36	1,18
23,39	1,17
23,41	1,19
23,44	1,18
23,46	1,20
23,49	1,18
23,51	1,17
23,54	1,17
23,56	1,18
23,58	1,17
23,61	1,17
23,63	1,15
23,66	1,16
23,68	1,15
23,71	1,15
23,73	1,16
23,76	1,17
23,78	1,18
23,80	1,19
23,83	1,19
23,85	1,21
23,88	1,21
23,90	1,21
23,93	1,21
23,95	1,20
23,98	1,20
24,00	1,23
24,02	1,24
24,05	1,24
24,07	1,25
24,10	1,24
24,12	1,27
24,15	1,25
24,17	1,23
24,20	1,21
24,22	1,23
24,24	1,23
24,27	1,24
24,29	1,24
24,32	1,25
24,34	1,25
24,37	1,25
24,39	1,20
24,42	1,19
24,44	1,18
24,46	1,18
24,49	1,17
24,51	1,18
24,54	1,19
24,56	1,22
24,59	1,22
24,61	1,26
24,63	1,21
24,66	1,23
24,68	1,23
24,71	1,23
24,73	1,24
24,76	1,25
24,78	1,23
24,81	1,28
24,83	1,25
24,85	1,28
24,88	1,28
24,90	1,30
24,93	1,29
24,95	1,28
24,98	1,26
25,00	1,28
25,03	1,25
25,05	1,25
25,07	1,22
25,10	1,22
25,12	1,22
25,15	1,24
25,17	1,22
25,20	1,25
25,22	1,24
25,25	1,26
25,27	1,26
25,29	1,28
25,32	1,27
25,34	1,26
25,37	1,23
25,39	1,25
25,42	1,23
25,44	1,25
25,47	1,27
25,49	1,26
25,51	1,26
25,54	1,27
25,56	1,27
25,59	1,29
25,61	1,27
25,64	1,24
25,66	1,25
25,68	1,24
25,71	1,23
25,73	1,24
25,76	1,23
25,78	1,24
25,81	1,25
25,83	1,23
25,86	1,25
25,88	1,25
25,90	1,24
25,93	1,24
25,95	1,25
25,98	1,24
26,00	1,25
26,03	1,24
26,05	1,24
26,08	1,24
26,10	1,24
26,12	1,22
26,15	1,21
26,17	1,20
26,20	1,25
26,22	1,25
26,25	1,25
26,27	1,24
26,30	1,27
26,32	1,26
26,34	1,29
26,37	1,24
26,39	1,24
26,42	1,23
26,44	1,24
26,47	1,24
26,49	1,27
26,52	1,26
26,54	1,28
26,56	1,28
26,59	1,31
26,61	1,29
26,64	1,30
26,66	1,30
26,69	1,31
26,71	1,30
26,73	1,32
26,76	1,31
26,78	1,33
26,81	1,31
26,83	1,30
26,86	1,30
26,88	1,30
26,91	1,30
26,93	1,34
26,95	1,32
26,98	1,34
27,00	1,34
27,03	1,34
27,05	1,36
27,08	1,36
27,10	1,35
27,13	1,37
27,15	1,37
27,17	1,37
27,20	1,37
27,22	1,37
27,25	1,38
27,27	1,38
27,30	1,37
27,32	1,38
27,35	1,38
27,37	1,39
27,39	1,42
27,42	1,42
27,44	1,43
27,47	1,43
27,49	1,43
27,52	1,44
27,54	1,45
27,57	1,43
27,59	1,45
27,61	1,45
27,64	1,46
27,66	1,50
27,69	1,54
27,71	1,54
27,74	1,54
27,76	1,51
27,78	1,55
27,81	1,54
27,83	1,53
27,86	1,52
27,88	1,50
27,91	1,50
27,93	1,52
27,96	1,49
27,98	1,52
28,00	1,52
28,03	1,52
28,05	1,53
28,08	1,54
28,10	1,54
28,13	1,58
28,15	1,56
28,18	1,59
28,20	1,59
28,22	1,62
28,25	1,62
28,27	1,63
28,30	1,62
28,32	1,64
28,35	1,61
28,37	1,62
28,40	1,62
28,42	1,63
28,44	1,63
28,47	1,64
28,49	1,64
28,52	1,67
28,54	1,66
28,57	1,66
28,59	1,67
28,62	1,66
28,64	1,65
28,66	1,65
28,69	1,64
28,71	1,65
28,74	1,65
28,76	1,64
28,79	1,65
28,81	1,66
28,84	1,66
28,86	1,68
28,88	1,67
28,91	1,68
28,93	1,68
28,96	1,68
28,98	1,68
29,01	1,69
29,03	1,66
29,05	1,67
29,08	1,66
29,10	1,67
29,13	1,67
29,15	1,66
29,18	1,65
29,20	1,65
29,23	1,64
29,25	1,66
29,27	1,65
29,30	1,62
29,32	1,63
29,35	1,59
29,37	1,59
29,40	1,59
29,42	1,57
29,45	1,58
29,47	1,59
29,49	1,58
29,52	1,61
29,54	1,60
29,57	1,60
29,59	1,62
29,62	1,60
29,64	1,59
29,67	1,60
29,69	1,60
29,71	1,64
29,74	1,66
29,76	1,64
29,79	1,63
29,81	1,64
29,84	1,64
29,86	1,63
29,89	1,60
29,91	1,58
29,93	1,57
29,96	1,58
29,98	1,61
30,01	1,60
30,03	1,60
30,06	1,63
30,08	1,60
30,10	1,61
30,13	1,61
30,15	1,58
30,18	1,57
30,20	1,57
30,23	1,54
30,25	1,57
30,28	1,54
30,30	1,54
30,32	1,55
30,35	1,56
30,37	1,56
30,40	1,56
30,42	1,53
30,45	1,54
30,47	1,54
30,50	1,53
30,52	1,54
30,54	1,52
30,57	1,52
30,59	1,54
30,62	1,54
30,64	1,54
30,67	1,53
30,69	1,51
30,72	1,55
30,74	1,56
30,76	1,55
30,79	1,57
30,81	1,56
30,84	1,57
30,86	1,56
30,89	1,53
30,91	1,54
30,94	1,51
30,96	1,50
30,98	1,53
31,01	1,52
31,03	1,55
31,06	1,55
31,08	1,54
31,11	1,58
31,13	1,60
31,15	1,61
31,18	1,60
31,20	1,59
31,23	1,59
31,25	1,62
31,28	1,60
31,30	1,59
31,33	1,60
31,35	1,61
31,37	1,60
31,40	1,62
31,42	1,60
31,45	1,64
31,47	1,63
31,50	1,63
31,52	1,63
31,55	1,63
31,57	1,63
31,59	1,66
31,62	1,65
31,64	1,68
31,67	1,65
31,69	1,69
31,72	1,71
31,74	1,74
31,77	1,73
31,79	1,76
31,81	1,73
31,84	1,78
31,86	1,78
31,89	1,80
31,91	1,78
31,94	1,78
31,96	1,77
31,99	1,81
32,01	1,80
32,03	1,82
32,06	1,82
32,08	1,84
32,11	1,85
32,13	1,87
32,16	1,86
32,18	1,91
32,20	1,89
32,23	1,90
32,25	1,90
32,28	1,89
32,30	1,90
32,33	1,91
32,35	1,90
32,38	1,92
32,40	1,91
32,42	1,91
32,45	1,94
32,47	1,95
32,50	1,95
32,52	1,95
32,55	1,97
32,57	1,98
32,60	2,01
32,62	2,01
32,64	2,03
32,67	2,03
32,69	2,04
32,72	2,06
32,74	2,05
32,77	2,04
32,79	2,07
32,82	2,06
32,84	2,08
32,86	2,08
32,89	2,07
32,91	2,11
32,94	2,12
32,96	2,12
32,99	2,13
33,01	2,11
33,04	2,15
33,06	2,15
33,08	2,15
33,11	2,13
33,13	2,14
33,16	2,12
33,18	2,15
33,21	2,14
33,23	2,14
33,26	2,14
33,28	2,17
33,30	2,16
33,33	2,18
33,35	2,14
33,38	2,15
33,40	2,13
33,43	2,12
33,45	2,11
33,47	2,11
33,50	2,10
33,52	2,13
33,55	2,13
33,57	2,14
33,60	2,15
33,62	2,15
33,65	2,18
33,67	2,17
33,69	2,15
33,72	2,16
33,74	2,14
33,77	2,15
33,79	2,15
33,82	2,15
33,84	2,15
33,87	2,14
33,89	2,13
33,91	2,14
33,94	2,12
33,96	2,10
33,99	2,08
34,01	2,08
34,04	2,08
34,06	2,08
34,09	2,07
34,11	2,06
34,13	2,08
34,16	2,07
34,18	2,07
34,21	2,05
34,23	2,04
34,26	2,04
34,28	2,04
34,31	2,03
34,33	2,03
34,35	2,00
34,38	2,02
34,40	2,01
34,43	2,00
34,45	1,99
34,48	1,99
34,50	1,99
34,52	2,00
34,55	1,97
34,57	2,00
34,60	1,97
34,62	1,95
34,65	1,93
34,67	1,91
34,70	1,87
34,72	1,90
34,74	1,88
34,77	1,89
34,79	1,89
34,82	1,90
34,84	1,88
34,87	1,91
34,89	1,89
34,92	1,90
34,94	1,88
34,96	1,89
34,99	1,86
35,01	1,87
35,04	1,85
35,06	1,83
35,09	1,79
35,11	1,81
35,14	1,79
35,16	1,80
35,18	1,77
35,21	1,79
35,23	1,77
35,26	1,78
35,28	1,77
35,31	1,79
35,33	1,76
35,36	1,78
35,38	1,78
35,40	1,81
35,43	1,81
35,45	1,82
35,48	1,82
35,50	1,86
35,53	1,86
35,55	1,85
35,57	1,84
35,60	1,85
35,62	1,84
35,65	1,86
35,67	1,85
35,70	1,86
35,72	1,86
35,75	1,87
35,77	1,88
35,79	1,89
35,82	1,88
35,84	1,89
35,87	1,88
35,89	1,89
35,92	1,89
35,94	1,88
35,97	1,90
35,99	1,90
36,01	1,91
36,04	1,92
36,06	1,92
36,09	1,91
36,11	1,94
36,14	1,95
36,16	1,96
36,19	1,98
36,21	2,00
36,23	2,02
36,26	2,04
36,28	2,02
36,31	2,05
36,33	2,02
36,36	2,02
36,38	2,05
36,41	2,09
36,43	2,10
36,45	2,14
36,48	2,14
36,50	2,21
36,53	2,19
36,55	2,18
36,58	2,16
36,60	2,18
36,62	2,17
36,65	2,20
36,67	2,21
36,70	2,26
36,72	2,26
36,75	2,30
36,77	2,32
36,80	2,35
36,82	2,35
36,84	2,38
36,87	2,40
36,89	2,42
36,92	2,42
36,94	2,44
36,97	2,46
36,99	2,48
37,02	2,46
37,04	2,47
37,06	2,48
37,09	2,51
37,11	2,55
37,14	2,55
37,16	2,55
37,19	2,58
37,21	2,59
37,24	2,63
37,26	2,62
37,28	2,61
37,31	2,62
37,33	2,64
37,36	2,65
37,38	2,68
37,41	2,67
37,43	2,69
37,46	2,69
37,48	2,69
37,50	2,71
37,53	2,70
37,55	2,69
37,58	2,71
37,60	2,72
37,63	2,74
37,65	2,76
37,68	2,76
37,70	2,80
37,72	2,81
37,75	2,81
37,77	2,80
37,80	2,81
37,82	2,81
37,85	2,85
37,87	2,82
37,89	2,82
37,92	2,83
37,94	2,86
37,97	2,88
37,99	2,86
38,02	2,79
38,04	2,82
38,07	2,78
38,09	2,76
38,11	2,73
38,14	2,71
38,16	2,69
38,19	2,73
38,21	2,72
38,24	2,75
38,26	2,76
38,29	2,76
38,31	2,76
38,33	2,78
38,36	2,76
38,38	2,75
38,41	2,74
38,43	2,75
38,46	2,73
38,48	2,73
38,51	2,72
38,53	2,70
38,55	2,67
38,58	2,69
38,60	2,66
38,63	2,66
38,65	2,63
38,68	2,64
38,70	2,63
38,73	2,63
38,75	2,58
38,77	2,60
38,80	2,57
38,82	2,56
38,85	2,54
38,87	2,55
38,90	2,53
38,92	2,52
38,94	2,50
38,97	2,51
38,99	2,50
39,02	2,50
39,04	2,50
39,07	2,50
39,09	2,49
39,12	2,48
39,14	2,46
39,16	2,45
39,19	2,44
39,21	2,42
39,24	2,40
39,26	2,38
39,29	2,36
39,31	2,37
39,34	2,36
39,36	2,35
39,38	2,34
39,41	2,32
39,43	2,33
39,46	2,31
39,48	2,28
39,51	2,27
39,53	2,26
39,56	2,26
39,58	2,26
39,60	2,25
39,63	2,27
39,65	2,26
39,68	2,24
39,70	2,23
39,73	2,22
39,75	2,19
39,78	2,20
39,80	2,19
39,82	2,19
39,85	2,20
39,87	2,22
39,90	2,21
39,92	2,22
39,95	2,18
39,97	2,21
39,99	2,19
40,02	2,21
40,04	2,20
40,07	2,21
40,09	2,24
40,12	2,24
40,14	2,21
40,17	2,26
40,19	2,23
40,21	2,23
40,24	2,22
40,26	2,20
40,29	2,20
40,31	2,22
40,34	2,18
40,36	2,19
40,39	2,17
40,41	2,16
40,43	2,19
40,46	2,21
40,48	2,21
40,51	2,25
40,53	2,25
40,56	2,27
40,58	2,29
40,61	2,29
40,63	2,29
40,65	2,31
40,68	2,29
40,70	2,32
40,73	2,32
40,75	2,33
40,78	2,36
40,80	2,36
40,83	2,36
40,85	2,39
40,87	2,39
40,90	2,43
40,92	2,45
40,95	2,46
40,97	2,48
41,00	2,49
41,02	2,51
41,05	2,53
41,07	2,53
41,09	2,55
41,12	2,55
41,14	2,57
41,17	2,60
41,19	2,61
41,22	2,64
41,24	2,69
41,26	2,71
41,29	2,75
41,31	2,78
41,34	2,79
41,36	2,82
41,39	2,82
41,41	2,81
41,44	2,83
41,46	2,86
41,48	2,87
41,51	2,93
41,53	2,94
41,56	2,97
41,58	2,97
41,61	3,01
41,63	3,02
41,66	3,05
41,68	3,02
41,70	3,05
41,73	3,05
41,75	3,09
41,78	3,06
41,80	3,08
41,83	3,09
41,85	3,12
41,88	3,12
41,90	3,18
41,92	3,21
41,95	3,26
41,97	3,30
42,00	3,34
42,02	3,35
42,05	3,41
42,07	3,41
42,10	3,43
42,12	3,43
42,14	3,44
42,17	3,45
42,19	3,46
42,22	3,44
42,24	3,46
42,27	3,45
42,29	3,48
42,31	3,47
42,34	3,48
42,36	3,51
42,39	3,52
42,41	3,52
42,44	3,54
42,46	3,52
42,49	3,53
42,51	3,54
42,53	3,53
42,56	3,53
42,58	3,54
42,61	3,53
42,63	3,56
42,66	3,55
42,68	3,54
42,71	3,55
42,73	3,55
42,75	3,55
42,78	3,54
42,80	3,53
42,83	3,53
42,85	3,52
42,88	3,50
42,90	3,51
42,93	3,47
42,95	3,48
42,97	3,48
43,00	3,47
43,02	3,48
43,05	3,48
43,07	3,47
43,10	3,52
43,12	3,47
43,15	3,43
43,17	3,41
43,19	3,39
43,22	3,34
43,24	3,31
43,27	3,28
43,29	3,29
43,32	3,28
43,34	3,29
43,36	3,28
43,39	3,30
43,41	3,29
43,44	3,29
43,46	3,29
43,49	3,29
43,51	3,25
43,54	3,22
43,56	3,18
43,58	3,17
43,61	3,13
43,63	3,13
43,66	3,08
43,68	3,07
43,71	3,06
43,73	3,05
43,76	3,04
43,78	3,02
43,80	2,97
43,83	2,99
43,85	2,97
43,88	2,96
43,90	2,94
43,93	2,90
43,95	2,88
43,98	2,88
44,00	2,82
44,02	2,83
44,05	2,78
44,07	2,76
44,10	2,77
44,12	2,75
44,15	2,73
44,17	2,74
44,20	2,71
44,22	2,71
44,24	2,71
44,27	2,69
44,29	2,70
44,32	2,69
44,34	2,66
44,37	2,65
44,39	2,63
44,41	2,61
44,44	2,61
44,46	2,58
44,49	2,58
44,51	2,57
44,54	2,56
44,56	2,59
44,59	2,58
44,61	2,56
44,63	2,55
44,66	2,50
44,68	2,52
44,71	2,51
44,73	2,50
44,76	2,52
44,78	2,51
44,81	2,53
44,83	2,60
44,85	2,57
44,88	2,57
44,90	2,58
44,93	2,56
44,95	2,58
44,98	2,57
45,00	2,52
45,03	2,53
45,05	2,52
45,07	2,50
45,10	2,50
45,12	2,50
45,15	2,52
45,17	2,56
45,20	2,57
45,22	2,60
45,25	2,61
45,27	2,62
45,29	2,64
45,32	2,65
45,34	2,65
45,37	2,68
45,39	2,67
45,42	2,71
45,44	2,71
45,47	2,72
45,49	2,72
45,51	2,76
45,54	2,75
45,56	2,82
45,59	2,82
45,61	2,85
45,64	2,88
45,66	2,92
45,68	2,92
45,71	2,95
45,73	2,94
45,76	2,97
45,78	2,99
45,81	3,00
45,83	3,04
45,86	3,05
45,88	3,07
45,90	3,10
45,93	3,13
45,95	3,16
45,98	3,19
46,00	3,20
46,03	3,27
46,05	3,28
46,08	3,33
46,10	3,35
46,12	3,35
46,15	3,38
46,17	3,41
46,20	3,41
46,22	3,45
46,25	3,47
46,27	3,52
46,30	3,58
46,32	3,61
46,34	3,64
46,37	3,69
46,39	3,71
46,42	3,74
46,44	3,74
46,47	3,76
46,49	3,80
46,52	3,86
46,54	3,88
46,56	3,90
46,59	3,92
46,61	3,97
46,64	3,98
46,66	3,99
46,69	3,98
46,71	4,01
46,73	4,01
46,76	4,05
46,78	4,05
46,81	4,09
46,83	4,12
46,86	4,13
46,88	4,13
46,91	4,17
46,93	4,17
46,95	4,22
46,98	4,22
47,00	4,24
47,03	4,27
47,05	4,29
47,08	4,30
47,10	4,32
47,13	4,31
47,15	4,34
47,17	4,34
47,20	4,38
47,22	4,38
47,25	4,40
47,27	4,41
47,30	4,43
47,32	4,41
47,35	4,42
47,37	4,40
47,39	4,40
47,42	4,40
47,44	4,39
47,47	4,37
47,49	4,42
47,52	4,40
47,54	4,39
47,57	4,38
47,59	4,37
47,61	4,36
47,64	4,35
47,66	4,33
47,69	4,31
47,71	4,29
47,74	4,28
47,76	4,27
47,78	4,26
47,81	4,26
47,83	4,25
47,86	4,24
47,88	4,23
47,91	4,23
47,93	4,21
47,96	4,19
47,98	4,16
48,00	4,13
48,03	4,12
48,05	4,10
48,08	4,07
48,10	4,05
48,13	4,00
48,15	3,99
48,18	3,93
48,20	3,88
48,22	3,86
48,25	3,83
48,27	3,78
48,30	3,78
48,32	3,73
48,35	3,76
48,37	3,71
48,40	3,69
48,42	3,68
48,44	3,65
48,47	3,61
48,49	3,61
48,52	3,58
48,54	3,58
48,57	3,56
48,59	3,55
48,62	3,55
48,64	3,54
48,66	3,50
48,69	3,46
48,71	3,43
48,74	3,41
48,76	3,36
48,79	3,33
48,81	3,32
48,84	3,33
48,86	3,32
48,88	3,34
48,91	3,29
48,93	3,28
48,96	3,26
48,98	3,23
49,01	3,19
49,03	3,18
49,05	3,12
49,08	3,17
49,10	3,15
49,13	3,15
49,15	3,13
49,18	3,10
49,20	3,07
49,23	3,07
49,25	3,02
49,27	3,01
49,30	2,99
49,32	2,97
49,35	2,98
49,37	2,99
49,40	2,98
49,42	3,01
49,45	2,99
49,47	3,01
49,49	3,00
49,52	3,00
49,54	2,99
49,57	2,98
49,59	2,94
49,62	2,94
49,64	2,92
49,67	2,92
49,69	2,92
49,71	2,92
49,74	2,93
49,76	2,94
49,79	2,94
49,81	2,98
49,84	2,99
49,86	3,00
49,89	3,01
49,91	2,99
49,93	3,00
49,96	3,02
49,98	3,02
50,01	3,02
50,03	3,01
50,06	3,01
50,08	3,07
50,10	3,08
50,13	3,09
50,15	3,11
50,18	3,15
50,20	3,20
50,23	3,24
50,25	3,23
50,28	3,29
50,30	3,33
50,32	3,35
50,35	3,39
50,37	3,39
50,40	3,41
50,42	3,46
50,45	3,44
50,47	3,46
50,50	3,49
50,52	3,51
50,54	3,56
50,57	3,58
50,59	3,61
50,62	3,64
50,64	3,65
50,67	3,69
50,69	3,72
50,72	3,75
50,74	3,78
50,76	3,82
50,79	3,86
50,81	3,94
50,84	3,94
50,86	3,99
50,89	4,04
50,91	4,10
50,94	4,12
50,96	4,17
50,98	4,18
51,01	4,25
51,03	4,26
51,06	4,31
51,08	4,33
51,11	4,36
51,13	4,36
51,15	4,41
51,18	4,45
51,20	4,52
51,23	4,54
51,25	4,58
51,28	4,65
51,30	4,70
51,33	4,73
51,35	4,76
51,37	4,77
51,40	4,80
51,42	4,82
51,45	4,84
51,47	4,88
51,50	4,91
51,52	4,94
51,55	5,00
51,57	5,02
51,59	5,05
51,62	5,09
51,64	5,11
51,67	5,14
51,69	5,16
51,72	5,17
51,74	5,19
51,77	5,21
51,79	5,22
51,81	5,26
51,84	5,26
51,86	5,27
51,89	5,27
51,91	5,28
51,94	5,29
51,96	5,30
51,99	5,29
52,01	5,34
52,03	5,34
52,06	5,36
52,08	5,37
52,11	5,36
52,13	5,34
52,16	5,34
52,18	5,28
52,20	5,28
52,23	5,27
52,25	5,26
52,28	5,26
52,30	5,25
52,33	5,22
52,35	5,24
52,38	5,21
52,40	5,21
52,42	5,18
52,45	5,19
52,47	5,19
52,50	5,19
52,52	5,17
52,55	5,19
52,57	5,14
52,60	5,16
52,62	5,13
52,64	5,12
52,67	5,09
52,69	5,08
52,72	5,04
52,74	5,08
52,77	5,02
52,79	4,99
52,82	4,94
52,84	4,90
52,86	4,86
52,89	4,84
52,91	4,76
52,94	4,73
52,96	4,69
52,99	4,68
53,01	4,68
53,04	4,64
53,06	4,60
53,08	4,59
53,11	4,55
53,13	4,54
53,16	4,50
53,18	4,46
53,21	4,42
53,23	4,39
53,26	4,34
53,28	4,32
53,30	4,27
53,33	4,25
53,35	4,21
53,38	4,19
53,40	4,16
53,43	4,13
53,45	4,09
53,47	4,08
53,50	4,03
53,52	3,99
53,55	3,96
53,57	3,90
53,60	3,87
53,62	3,83
53,65	3,82
53,67	3,80
53,69	3,77
53,72	3,72
53,74	3,72
53,77	3,70
53,79	3,71
53,82	3,65
53,84	3,63
53,87	3,61
53,89	3,63
53,91	3,59
53,94	3,58
53,96	3,52
53,99	3,52
54,01	3,50
54,04	3,49
54,06	3,45
54,09	3,47
54,11	3,46
54,13	3,47
54,16	3,47
54,18	3,47
54,21	3,47
54,23	3,47
54,26	3,44
54,28	3,43
54,31	3,40
54,33	3,41
54,35	3,38
54,38	3,39
54,40	3,40
54,43	3,39
54,45	3,39
54,48	3,42
54,50	3,41
54,52	3,45
54,55	3,45
54,57	3,47
54,60	3,48
54,62	3,50
54,65	3,49
54,67	3,51
54,70	3,51
54,72	3,53
54,74	3,55
54,77	3,56
54,79	3,57
54,82	3,59
54,84	3,61
54,87	3,65
54,89	3,68
54,92	3,68
54,94	3,72
54,96	3,73
54,99	3,76
55,01	3,80
55,04	3,81
55,06	3,83
55,09	3,85
55,11	3,87
55,14	3,92
55,16	3,93
55,18	3,95
55,21	3,99
55,23	4,02
55,26	4,06
55,28	4,12
55,31	4,15
55,33	4,22
55,36	4,27
55,38	4,31
55,40	4,33
55,43	4,37
55,45	4,39
55,48	4,47
55,50	4,47
55,53	4,50
55,55	4,52
55,57	4,61
55,60	4,64
55,62	4,69
55,65	4,70
55,67	4,76
55,70	4,78
55,72	4,86
55,75	4,89
55,77	4,93
55,79	4,95
55,82	5,00
55,84	5,04
55,87	5,12
55,89	5,13
55,92	5,18
55,94	5,24
55,97	5,32
55,99	5,36
56,01	5,43
56,04	5,45
56,06	5,52
56,09	5,54
56,11	5,59
56,14	5,60
56,16	5,64
56,19	5,66
56,21	5,73
56,23	5,76
56,26	5,80
56,28	5,83
56,31	5,89
56,33	5,94
56,36	5,99
56,38	6,00
56,41	6,05
56,43	6,08
56,45	6,10
56,48	6,12
56,50	6,13
56,53	6,15
56,55	6,19
56,58	6,21
56,60	6,24
56,62	6,24
56,65	6,26
56,67	6,31
56,70	6,32
56,72	6,34
56,75	6,34
56,77	6,34
56,80	6,37
56,82	6,38
56,84	6,37
56,87	6,37
56,89	6,36
56,92	6,37
56,94	6,40
56,97	6,42
56,99	6,42
57,02	6,41
57,04	6,38
57,06	6,40
57,09	6,38
57,11	6,35
57,14	6,32
57,16	6,29
57,19	6,27
57,21	6,29
57,24	6,25
57,26	6,23
57,28	6,20
57,31	6,18
57,33	6,17
57,36	6,14
57,38	6,10
57,41	6,10
57,43	6,05
57,46	6,04
57,48	6,01
57,50	6,00
57,53	5,96
57,55	5,93
57,58	5,86
57,60	5,87
57,63	5,81
57,65	5,79
57,68	5,74
57,70	5,72
57,72	5,69
57,75	5,68
57,77	5,61
57,80	5,61
57,82	5,55
57,85	5,50
57,87	5,47
57,89	5,41
57,92	5,37
57,94	5,35
57,97	5,28
57,99	5,24
58,02	5,19
58,04	5,14
58,07	5,12
58,09	5,07
58,11	5,02
58,14	4,99
58,16	4,95
58,19	4,92
58,21	4,88
58,24	4,83
58,26	4,80
58,29	4,77
58,31	4,72
58,33	4,69
58,36	4,65
58,38	4,62
58,41	4,62
58,43	4,57
58,46	4,53
58,48	4,49
58,51	4,45
58,53	4,43
58,55	4,39
58,58	4,35
58,60	4,34
58,63	4,30
58,65	4,28
58,68	4,26
58,70	4,25
58,73	4,22
58,75	4,18
58,77	4,15
58,80	4,17
58,82	4,15
58,85	4,12
58,87	4,12
58,90	4,11
58,92	4,11
58,94	4,14
58,97	4,11
58,99	4,10
59,02	4,09
59,04	4,05
59,07	4,05
59,09	4,03
59,12	3,97
59,14	3,99
59,16	3,97
59,19	3,99
59,21	3,99
59,24	3,99
59,26	4,03
59,29	4,07
59,31	4,04
59,34	4,07
59,36	4,05
59,38	4,08
59,41	4,08
59,43	4,07
59,46	4,05
59,48	4,09
59,51	4,08
59,53	4,13
59,56	4,13
59,58	4,14
59,60	4,16
59,63	4,22
59,65	4,22
59,68	4,26
59,70	4,28
59,73	4,33
59,75	4,35
59,78	4,37
59,80	4,38
59,82	4,41
59,85	4,43
59,87	4,48
59,90	4,51
59,92	4,55
59,95	4,58
59,97	4,62
59,99	4,65
